
                     X                   AVERAGE_SDV3             AVERAGE_SDV4             AVERAGE_SDV5             AVERAGE_SDV9            AVERAGE_SDV10            AVERAGE_SDV11     

                   0.                       0.                       0.                       0.                       0.                       0.                       0.            
                 120.                       3.72615314               3.07271576             653.421204E-03           475.443604E-03           392.182129E-03            83.3724747E-03 
                 600.                       6.12813568               5.13137674             996.924622E-03           781.846924E-03           654.55896E-03            127.172005E-03  
                   1.79999995E+03           8.15527534               6.86939716               1.28658807               1.04057705             876.207581E-03           164.160477E-03  
                   7.19999981E+03           8.70279503               7.34051991               1.36460304               1.11021602             935.966553E-03           174.171265E-03  




