
                     X                   AVERAGE_SDV3             AVERAGE_SDV4             AVERAGE_SDV5             AVERAGE_SDV9            AVERAGE_SDV10            AVERAGE_SDV11     

                   0.                       0.                       0.                       0.                       0.                       0.                       0.            
                 120.                       4.05377293               3.35351086             700.202271E-03           517.168274E-03           427.884521E-03            89.3076477E-03 
                 600.                       6.3906064                5.35558605               1.03434289             815.371521E-03           683.337463E-03           131.956558E-03  
                   1.79999995E+03           8.9438324                7.5448451                1.39919841               1.1408447              962.455933E-03           178.52597E-03   
                   7.19999981E+03          10.1677341                8.59566689               1.57415044               1.2973274                1.09633434             200.843033E-03  




