
                     X                   AVERAGE_SDV3             AVERAGE_SDV4             AVERAGE_SDV5             AVERAGE_SDV9            AVERAGE_SDV10            AVERAGE_SDV11     

                   0.                       0.                       0.                       0.                       0.                       0.                       0.            
                 120.                       3.92554784               3.24307346             681.542969E-03           500.754181E-03           413.797546E-03            86.969696E-03  
                 600.                       5.25106192               4.37989664             871.440613E-03           669.884644E-03           558.759888E-03           111.183151E-03  
                   1.79999995E+03           7.48007441               6.2900486                1.19015777             954.337769E-03           802.421143E-03           151.798004E-03  
                   7.19999981E+03          10.6944132                9.04609585               1.64910674               1.36429965               1.15395248             210.373123E-03  




