
                     X                   AVERAGE_SDV3             AVERAGE_SDV4             AVERAGE_SDV5             AVERAGE_SDV9            AVERAGE_SDV10            AVERAGE_SDV11     

                   0.                       0.                       0.                       0.                       0.                       0.                       0.            
                 120.                       5.37509966               4.48596716             889.095764E-03           685.699585E-03           572.268677E-03           113.417358E-03  
                 600.                       8.54522324               7.20330477               1.34232473               1.0901711              918.905579E-03           171.236221E-03  
                   1.79999995E+03           9.08469582               7.66432476               1.41926396               1.15900981             977.716187E-03           181.087204E-03  
                   7.19999981E+03           9.0912447                7.67102575               1.42057645               1.15983558             978.446716E-03           181.152847E-03  




