
                     X                   AVERAGE_SDV3             AVERAGE_SDV4             AVERAGE_SDV5             AVERAGE_SDV9            AVERAGE_SDV10            AVERAGE_SDV11     

                   0.                       0.                       0.                       0.                       0.                       0.                       0.            
                 120.                       4.04152489               3.34402895             698.273071E-03           515.472961E-03           426.479858E-03            89.1138916E-03 
                 600.                       6.35246372               5.32269001               1.02873218             810.144531E-03           679.016846E-03           131.258621E-03  
                   1.79999995E+03           8.90830135               7.51473093               1.39435959               1.13643897             958.507263E-03           177.888199E-03  
                   7.19999981E+03          10.1730013                8.59864902               1.57503664               1.29794538               1.09685242             200.925934E-03  




