
                     X                   AVERAGE_SDV3             AVERAGE_SDV4             AVERAGE_SDV5             AVERAGE_SDV9            AVERAGE_SDV10            AVERAGE_SDV11     

                   0.                       0.                       0.                       0.                       0.                       0.                       0.            
                 120.                       4.04095554               3.34413671             698.315063E-03           515.570374E-03           426.558502E-03            89.1136627E-03 
                 600.                       6.35339737               5.32539988               1.029001               810.557495E-03           679.169189E-03           131.285309E-03  
                   1.79999995E+03           8.9092598                7.51577711               1.39448726               1.13672781             958.623474E-03           177.910172E-03  
                   7.19999981E+03          10.1714087                8.59790611               1.57488585               1.2978214                1.09662199             200.901627E-03  




