
                     X                   AVERAGE_SDV3             AVERAGE_SDV4             AVERAGE_SDV5             AVERAGE_SDV9            AVERAGE_SDV10            AVERAGE_SDV11     

                   0.                       0.                       0.                       0.                       0.                       0.                       0.            
                 120.                       7.88085365               6.63319254               1.2470926                1.00525618             846.3125E-03             159.114273E-03  
                 600.                      11.6786861                9.88834763               1.78961754               1.4896915                1.26160884             228.363403E-03  
                   1.79999995E+03          11.9741631               10.1456766                1.8321327                1.52756441               1.29406989             233.851807E-03  
                   7.19999981E+03          11.9762535               10.1466846                1.8322221                1.52758718               1.29407203             233.857025E-03  




