
                     X                   AVERAGE_SDV3             AVERAGE_SDV4             AVERAGE_SDV5             AVERAGE_SDV9            AVERAGE_SDV10            AVERAGE_SDV11     

                   0.                       0.                       0.                       0.                       0.                       0.                       0.            
                 120.                       4.04379177               3.34516883             698.456909E-03           515.93158E-03            426.768829E-03            89.1379547E-03 
                 600.                       6.35580921               5.32723951               1.02940583             810.869873E-03           679.48761E-03            131.335342E-03  
                   1.79999995E+03           8.91289997               7.51836824               1.39484191               1.13711452             959.061951E-03           177.968658E-03  
                   7.19999981E+03          10.1739712                8.59897327               1.57525957               1.29807377               1.09702957             200.934586E-03  




