
                     X                   AVERAGE_SDV3             AVERAGE_SDV4             AVERAGE_SDV5             AVERAGE_SDV9            AVERAGE_SDV10            AVERAGE_SDV11     

                   0.                       0.                       0.                       0.                       0.                       0.                       0.            
                 120.                       5.40445185               4.51139879             893.180542E-03           689.41864E-03            575.473572E-03           113.950859E-03  
                 600.                       9.061553                 7.64502287               1.41608155               1.15608203             975.432251E-03           180.633484E-03  
                   1.79999995E+03          10.3495712                8.7496357                1.60001266               1.32027483               1.11610103             204.095276E-03  
                   7.19999981E+03          10.406394                 8.7995739                1.60850453               1.32804227               1.1224438              205.11319E-03   




