
                     X                   AVERAGE_SDV3             AVERAGE_SDV4             AVERAGE_SDV5             AVERAGE_SDV9            AVERAGE_SDV10            AVERAGE_SDV11     

                   0.                       0.                       0.                       0.                       0.                       0.                       0.            
                 120.                       3.79060459               3.12771392             662.528076E-03           483.496521E-03           398.974091E-03            84.5329056E-03 
                 600.                       6.39007759               5.35532904               1.03428543             815.141235E-03           683.194885E-03           131.942795E-03  
                   1.79999995E+03           7.66648388               6.44972658               1.21672785             977.975708E-03           822.952698E-03           155.236267E-03  
                   7.19999981E+03           7.78106594               6.54687834               1.23315084             992.282715E-03           835.484192E-03           157.261993E-03  




