
                     X                   AVERAGE_SDV3             AVERAGE_SDV4             AVERAGE_SDV5             AVERAGE_SDV9            AVERAGE_SDV10            AVERAGE_SDV11     

                   0.                       0.                       0.                       0.                       0.                       0.                       0.            
                 120.                       4.49148512               3.72848797             762.564331E-03           572.973999E-03           475.59845E-03             97.2891769E-03 
                 600.                       7.29418182               6.13052559               1.16369557             930.511658E-03           781.93396E-03            148.443726E-03  
                   1.79999995E+03           9.93451595               8.39312172               1.54086864               1.26735294               1.0708952              196.555054E-03  
                   7.19999981E+03          10.8424387                9.16873837               1.6700685                1.3828398                1.16973686             213.006363E-03  




