
                     X                   AVERAGE_SDV3             AVERAGE_SDV4             AVERAGE_SDV5             AVERAGE_SDV9            AVERAGE_SDV10            AVERAGE_SDV11     

                   0.                       0.                       0.                       0.                       0.                       0.                       0.            
                 120.                       4.0576663                3.35625958             700.705078E-03           517.663025E-03           428.310455E-03            89.4115219E-03 
                 600.                       6.40023565               5.36462021               1.03573966             816.543274E-03           684.265015E-03           132.137924E-03  
                   1.79999995E+03           8.95345592               7.55330515               1.40048659               1.14240825             963.481873E-03           178.702194E-03  
                   7.19999981E+03          10.1720123                8.59759903               1.57470548               1.29790485               1.09681368             200.90773E-03   




