
                     X                   AVERAGE_SDV3             AVERAGE_SDV4             AVERAGE_SDV5             AVERAGE_SDV9            AVERAGE_SDV10            AVERAGE_SDV11     

                   0.                       0.                       0.                       0.                       0.                       0.                       0.            
                 120.                       4.04539394               3.34719086             698.988037E-03           516.14801E-03            427.012177E-03            89.1897202E-03 
                 600.                       6.37349701               5.3409915                1.03203666             813.131165E-03           681.467407E-03           131.662689E-03  
                   1.79999995E+03           8.92439938               7.52862978               1.39653933               1.13841856             960.302795E-03           178.171371E-03  
                   7.19999981E+03          10.1578312                8.58467102               1.57264435               1.29564178               1.0951519              200.647568E-03  




