
                     X                   AVERAGE_SDV3             AVERAGE_SDV4             AVERAGE_SDV5             AVERAGE_SDV9            AVERAGE_SDV10            AVERAGE_SDV11     

                   0.                       0.                       0.                       0.                       0.                       0.                       0.            
                 120.                       4.20076561               3.47917795             721.223145E-03           535.823547E-03           443.928986E-03            91.9846573E-03 
                 600.                       6.6711936                5.59734392               1.07451344             851.153259E-03           714.089661E-03           137.082001E-03  
                   1.79999995E+03           9.2856493                7.83892155               1.44836724               1.18476391               1.00015271             184.751251E-03  
                   7.19999981E+03          10.4512377                8.83784676               1.61473024               1.33337677               1.12736511             206.002533E-03  




