
                     X                   AVERAGE_SDV3             AVERAGE_SDV4             AVERAGE_SDV5             AVERAGE_SDV9            AVERAGE_SDV10            AVERAGE_SDV11     

                   0.                       0.                       0.                       0.                       0.                       0.                       0.            
                 120.                       5.17891884               4.31762886             860.950378E-03           660.786926E-03           550.88031E-03            109.862305E-03  
                 600.                       8.68360519               7.32087612               1.36184859               1.10782492             933.996033E-03           173.74675E-03   
                   1.79999995E+03           9.92252254               8.38460636               1.539024                 1.26609123               1.0696702              196.357315E-03  
                   7.19999981E+03           9.97846603               8.43480015               1.54695034               1.27341568               1.07586479             197.378067E-03  




