
                     X                   AVERAGE_SDV3             AVERAGE_SDV4             AVERAGE_SDV5             AVERAGE_SDV9            AVERAGE_SDV10            AVERAGE_SDV11     

                   0.                       0.                       0.                       0.                       0.                       0.                       0.            
                 120.                       4.18064642               3.46244383             718.415833E-03           533.443909E-03           441.700714E-03            91.6415787E-03 
                 600.                       6.90747786               5.79869032               1.10812664             881.287598E-03           739.739929E-03           141.376999E-03  
                   1.79999995E+03           9.14682007               7.7175293                1.42860389               1.16687644             984.651672E-03           182.237259E-03  
                   7.19999981E+03           9.71873283               8.20711803               1.5105114                1.23968613               1.04696226             192.623016E-03  




