
                     X                   AVERAGE_SDV3             AVERAGE_SDV4             AVERAGE_SDV5             AVERAGE_SDV9            AVERAGE_SDV10            AVERAGE_SDV11     

                   0.                       0.                       0.                       0.                       0.                       0.                       0.            
                 120.                       7.10959625               5.97315836               1.13730586             907.120422E-03           761.985779E-03           145.060425E-03  
                 600.                      11.3444176                9.60297871               1.74207604               1.44711268               1.22489393             222.245377E-03  
                   1.79999995E+03          12.0722818               10.2250824                1.84599447               1.53976643               1.30462146             235.511993E-03  
                   7.19999981E+03          12.0839806               10.2298594                1.84746373               1.54027283               1.30497348             235.723373E-03  




