
                     X                   AVERAGE_SDV3             AVERAGE_SDV4             AVERAGE_SDV5             AVERAGE_SDV9            AVERAGE_SDV10            AVERAGE_SDV11     

                   0.                       0.                       0.                       0.                       0.                       0.                       0.            
                 120.                       4.05077934               3.35060954             699.6828E-03             516.641479E-03           427.483734E-03            89.2516556E-03 
                 600.                       6.38415956               5.35058594               1.03341675             814.444702E-03           682.461121E-03           131.848083E-03  
                   1.79999995E+03           8.9336319                7.53689957               1.39794028               1.139709               961.444824E-03           178.338974E-03  
                   7.19999981E+03          10.1600418                8.58626461               1.57273746               1.29581761               1.0952332              200.660141E-03  




