
                     X                   AVERAGE_SDV3             AVERAGE_SDV4             AVERAGE_SDV5             AVERAGE_SDV9            AVERAGE_SDV10            AVERAGE_SDV11     

                   0.                       0.                       0.                       0.                       0.                       0.                       0.            
                 120.                       4.2180357                3.49426579             723.772522E-03           538.214355E-03           445.878082E-03            92.3349152E-03 
                 600.                       7.1043644                5.96766329               1.13639164             906.484863E-03           761.236755E-03           144.986008E-03  
                   1.79999995E+03           8.33533859               7.02307272               1.31240058               1.06336343             895.8255E-03             167.433609E-03  
                   7.19999981E+03           8.41773033               7.09373331               1.32420182               1.07411683             904.707825E-03           168.942734E-03  




