
                     X                   AVERAGE_SDV3             AVERAGE_SDV4             AVERAGE_SDV5             AVERAGE_SDV9            AVERAGE_SDV10            AVERAGE_SDV11     

                   0.                       0.                       0.                       0.                       0.                       0.                       0.            
                 120.                       7.99638414               6.73316431               1.26382089               1.0204854              859.103088E-03           161.283997E-03  
                 600.                      11.5897665                9.81317043               1.77735448               1.47898722               1.25206411             226.777771E-03  
                   1.79999995E+03          11.8130121               10.0025711                1.8088392                1.50764799               1.27698922             230.899857E-03  
                   7.19999981E+03          11.8130131               10.0027971                1.80883932               1.50773537               1.27699578             230.925552E-03  




