
                     X                   AVERAGE_SDV3             AVERAGE_SDV4             AVERAGE_SDV5             AVERAGE_SDV9            AVERAGE_SDV10            AVERAGE_SDV11     

                   0.                       0.                       0.                       0.                       0.                       0.                       0.            
                 120.                       4.17073917               3.45485783             716.888672E-03           532.131226E-03           440.655548E-03            91.4790573E-03 
                 600.                       7.01929379               5.89533377               1.12399292             895.4422E-03             751.944763E-03           143.418182E-03  
                   1.79999995E+03           8.82124519               7.43953323               1.38154185               1.12538767             949.143188E-03           176.260391E-03  
                   7.19999981E+03           9.09108162               7.67084455               1.4192816                1.15977848             978.379578E-03           181.151825E-03  




