
                     X                   AVERAGE_SDV3             AVERAGE_SDV4             AVERAGE_SDV5             AVERAGE_SDV9            AVERAGE_SDV10            AVERAGE_SDV11     

                   0.                       0.                       0.                       0.                       0.                       0.                       0.            
                 120.                       4.65317488               3.86803246             786.291504E-03           593.748657E-03           493.42868E-03            100.267105E-03  
                 600.                       7.74358559               6.5157938                1.22787583             988.054749E-03           831.285339E-03           156.635117E-03  
                   1.79999995E+03           8.71655846               7.35049295               1.36706126               1.11243272             937.839905E-03           174.376984E-03  
                   7.19999981E+03           8.75081253               7.37880564               1.37211311               1.11708307             941.499207E-03           174.971054E-03  




