
                     X                   AVERAGE_SDV3             AVERAGE_SDV4             AVERAGE_SDV5             AVERAGE_SDV9            AVERAGE_SDV10            AVERAGE_SDV11     

                   0.                       0.                       0.                       0.                       0.                       0.                       0.            
                 120.                       5.87642097               4.91608429             960.906738E-03           749.72644E-03            627.13739E-03            122.581879E-03  
                 600.                       8.72284126               7.35694027               1.3679111                1.11292136             938.171997E-03           174.499527E-03  
                   1.79999995E+03           8.95613956               7.5549264                1.40127563               1.14242947             963.387695E-03           178.714813E-03  
                   7.19999981E+03           8.95620537               7.55859566               1.40128124               1.1428988              963.39093E-03            178.718597E-03  




