
                     X                   AVERAGE_SDV3             AVERAGE_SDV4             AVERAGE_SDV5             AVERAGE_SDV9            AVERAGE_SDV10            AVERAGE_SDV11     

                   0.                       0.                       0.                       0.                       0.                       0.                       0.            
                 120.                       4.74286938               3.94424057             798.800903E-03           605.160828E-03           503.097595E-03           101.910866E-03  
                 600.                       6.88085127               5.77657318               1.10463977             878.000488E-03           736.850403E-03           140.922882E-03  
                   1.79999995E+03           7.0190773                5.89538383               1.12490046             896.021912E-03           752.077087E-03           143.513718E-03  
                   7.19999981E+03           7.01907825               5.89538813               1.12490153             896.061279E-03           752.07843E-03            143.513992E-03  




