
                     X                   AVERAGE_SDV3             AVERAGE_SDV4             AVERAGE_SDV5             AVERAGE_SDV9            AVERAGE_SDV10            AVERAGE_SDV11     

                   0.                       0.                       0.                       0.                       0.                       0.                       0.            
                 120.                       4.04934549               3.34973884             699.534119E-03           516.667786E-03           427.379211E-03            89.2389603E-03 
                 600.                       6.37690163               5.34535503               1.03264081             813.74408E-03            681.996094E-03           131.718491E-03  
                   1.79999995E+03           8.93104362               7.53509998               1.39744389               1.13963246             961.229187E-03           178.297607E-03  
                   7.19999981E+03          10.1684151                8.59596634               1.57426894               1.29740512               1.09637308             200.857162E-03  




