
                     X                   AVERAGE_SDV3             AVERAGE_SDV4             AVERAGE_SDV5             AVERAGE_SDV9            AVERAGE_SDV10            AVERAGE_SDV11     

                   0.                       0.                       0.                       0.                       0.                       0.                       0.            
                 120.                       4.71012783               3.91492963             793.817139E-03           600.618896E-03           499.566193E-03           101.292679E-03  
                 600.                       7.73264837               6.50531054               1.22601628             986.309998E-03           829.770264E-03           156.387085E-03  
                   1.79999995E+03          10.3838148                8.77864075               1.60499394               1.32483768               1.11993086             204.727356E-03  
                   7.19999981E+03          11.1604919                9.44682026               1.71578157               1.42438889               1.20494151             218.875381E-03  




