
                     X                   AVERAGE_SDV3             AVERAGE_SDV4             AVERAGE_SDV5             AVERAGE_SDV9            AVERAGE_SDV10            AVERAGE_SDV11     

                   0.                       0.                       0.                       0.                       0.                       0.                       0.            
                 120.                       6.67946529               5.60441923               1.07557678             852.172546E-03           714.841248E-03           137.237305E-03  
                 600.                      10.2998562                8.70632076               1.59296596               1.31401837               1.11070454             203.191681E-03  
                   1.79999995E+03          10.7320938                9.07707691               1.65530062               1.36908269               1.15803921             211.059036E-03  
                   7.19999981E+03          10.7388878                9.08079147               1.65539086               1.36980009               1.15856445             211.073364E-03  




