
                     X                   AVERAGE_SDV3             AVERAGE_SDV4             AVERAGE_SDV5             AVERAGE_SDV9            AVERAGE_SDV10            AVERAGE_SDV11     

                   0.                       0.                       0.                       0.                       0.                       0.                       0.            
                 120.                       4.02130604               3.32556105             695.503479E-03           513.118591E-03           424.3078E-03              88.7159958E-03 
                 600.                       6.26196527               5.24662495               1.01598728             798.881226E-03           669.239807E-03           129.631882E-03  
                   1.79999995E+03           8.83666992               7.45280075               1.38396072               1.1274631              950.693726E-03           176.556534E-03  
                   7.19999981E+03          10.2260695                8.64328194               1.5826633                1.30493426               1.10268903             201.878922E-03  




