
                     X                   AVERAGE_SDV3             AVERAGE_SDV4             AVERAGE_SDV5             AVERAGE_SDV9            AVERAGE_SDV10            AVERAGE_SDV11     

                   0.                       0.                       0.                       0.                       0.                       0.                       0.            
                 120.                       6.33293915               5.30757713               1.02607048             807.818604E-03           676.909912E-03           130.903458E-03  
                 600.                       9.30896187               7.8564868                1.45139182               1.18734348               1.00218904             185.138794E-03  
                   1.79999995E+03           9.52870464               8.04512787               1.48235238               1.21493518               1.02592456             189.086578E-03  
                   7.19999981E+03           9.52874279               8.04520893               1.4831177                1.21493852               1.02595258             189.088089E-03  




