
                     X                   AVERAGE_SDV3             AVERAGE_SDV4             AVERAGE_SDV5             AVERAGE_SDV9            AVERAGE_SDV10            AVERAGE_SDV11     

                   0.                       0.                       0.                       0.                       0.                       0.                       0.            
                 120.                       4.03644419               3.33889008             697.633118E-03           514.952454E-03           426.039429E-03            88.9880295E-03 
                 600.                       6.33615923               5.30809498               1.0263418              808.170776E-03           677.112549E-03           130.948242E-03  
                   1.79999995E+03           8.89359188               7.50124216               1.39211845               1.1346525              956.864685E-03           177.605637E-03  
                   7.19999981E+03          10.1747866                8.60095692               1.57539558               1.29816127               1.0970912              200.95462E-03   




