
                     X                   AVERAGE_SDV3             AVERAGE_SDV4             AVERAGE_SDV5             AVERAGE_SDV9            AVERAGE_SDV10            AVERAGE_SDV11     

                   0.                       0.                       0.                       0.                       0.                       0.                       0.            
                 120.                       5.44792414               4.54827309             899.743347E-03           694.981323E-03           580.284729E-03           114.774529E-03  
                 600.                       8.25101376               6.95172596               1.30027282               1.05282402             886.778503E-03           165.879456E-03  
                   1.79999995E+03           8.53382492               7.19412136               1.34091246               1.08925009             917.959839E-03           171.047974E-03  
                   7.19999981E+03           8.53408051               7.19898939               1.34095609               1.08944082             917.968933E-03           171.058792E-03  




