
                     X                   AVERAGE_SDV3             AVERAGE_SDV4             AVERAGE_SDV5             AVERAGE_SDV9            AVERAGE_SDV10            AVERAGE_SDV11     

                   0.                       0.                       0.                       0.                       0.                       0.                       0.            
                 120.                       6.8871541                5.78249359               1.10525131             878.656372E-03           737.676514E-03           140.981201E-03  
                 600.                      10.2219524                8.63979244               1.58173251               1.30379093               1.10202646             201.737457E-03  
                   1.79999995E+03          10.4897766                8.87173748               1.62019575               1.33833516               1.131392               206.577744E-03  
                   7.19999981E+03          10.4907503                8.87180138               1.62021506               1.33846688               1.1314739              206.578217E-03  




