
                     X                   AVERAGE_SDV3             AVERAGE_SDV4             AVERAGE_SDV5             AVERAGE_SDV9            AVERAGE_SDV10            AVERAGE_SDV11     

                   0.                       0.                       0.                       0.                       0.                       0.                       0.            
                 120.                       3.63891101               2.9977901              640.831116E-03           464.200104E-03           382.455566E-03            81.7438889E-03 
                 600.                       5.52098942               4.6115346              910.223328E-03           704.371094E-03           588.301392E-03           116.09716E-03   
                   1.79999995E+03           7.87922668               6.63092136               1.24718964               1.00508821             846.042114E-03           159.099426E-03  
                   7.19999981E+03           9.44861603               7.97731829               1.4717412                1.20563817               1.01773179             187.708664E-03  




