
                     X                   AVERAGE_SDV3             AVERAGE_SDV4             AVERAGE_SDV5             AVERAGE_SDV9            AVERAGE_SDV10            AVERAGE_SDV11     

                   0.                       0.                       0.                       0.                       0.                       0.                       0.            
                 120.                       4.05457687               3.35438728             700.428406E-03           517.291382E-03           427.948242E-03            89.3413773E-03 
                 600.                       6.39379787               5.35752869               1.0346247              815.540466E-03           683.574646E-03           132.013885E-03  
                   1.79999995E+03           8.94775963               7.54649639               1.39949775               1.14139569             962.650635E-03           178.585449E-03  
                   7.19999981E+03          10.1717653                8.59709072               1.57452691               1.29781735               1.09678578             200.898926E-03  




