
                     X                   AVERAGE_SDV3             AVERAGE_SDV4             AVERAGE_SDV5             AVERAGE_SDV9            AVERAGE_SDV10            AVERAGE_SDV11     

                   0.                       0.                       0.                       0.                       0.                       0.                       0.            
                 120.                       4.03697634               3.33956528             697.727966E-03           515.011108E-03           426.113678E-03            89.0061417E-03 
                 600.                       6.337502                 5.30954885               1.02678549             808.391357E-03           677.615662E-03           130.983292E-03  
                   1.79999995E+03           8.89550591               7.50323629               1.39245486               1.13486087             957.194397E-03           177.637589E-03  
                   7.19999981E+03          10.1754513                8.60132694               1.57549012               1.29827976               1.0971992              200.972473E-03  




