
                     X                   AVERAGE_SDV3             AVERAGE_SDV4             AVERAGE_SDV5             AVERAGE_SDV9            AVERAGE_SDV10            AVERAGE_SDV11     

                   0.                       0.                       0.                       0.                       0.                       0.                       0.            
                 120.                       2.90424347               2.36878133             535.423706E-03           370.620087E-03           302.228638E-03            68.3172302E-03 
                 600.                       3.20329952               2.62524104             578.519897E-03           408.672638E-03           334.953674E-03            73.8145981E-03 
                   1.79999995E+03           3.86577678               3.19355226             673.361755E-03           493.29129E-03            407.41156E-03             85.9124832E-03 
                   7.19999981E+03           5.89619684               4.93136263             963.589417E-03           752.281189E-03           629.306152E-03           122.954933E-03  




