
                     X                   AVERAGE_SDV3             AVERAGE_SDV4             AVERAGE_SDV5             AVERAGE_SDV9            AVERAGE_SDV10            AVERAGE_SDV11     

                   0.                       0.                       0.                       0.                       0.                       0.                       0.            
                 120.                       5.17665958               4.31605101             860.779968E-03           660.374146E-03           550.569458E-03           109.820854E-03  
                 600.                       7.9102335                6.65873146               1.25155497               1.00904489             849.311829E-03           159.648514E-03  
                   1.79999995E+03           8.21692181               6.92120838               1.29526329               1.0479691              882.801453E-03           165.194504E-03  
                   7.19999981E+03           8.21789742               6.92165565               1.29550719               1.04829323             882.818726E-03           165.206619E-03  




