
                     X                   AVERAGE_SDV3             AVERAGE_SDV4             AVERAGE_SDV5             AVERAGE_SDV9            AVERAGE_SDV10            AVERAGE_SDV11     

                   0.                       0.                       0.                       0.                       0.                       0.                       0.            
                 120.                       4.5398674                3.76972675             769.610352E-03           579.011475E-03           480.944092E-03            98.1970367E-03 
                 600.                       6.86833858               5.76548338               1.1026839              876.146973E-03           735.538025E-03           140.699921E-03  
                   1.79999995E+03           7.10841274               5.96892929               1.1367265              906.360901E-03           761.697388E-03           145.020309E-03  
                   7.19999981E+03           7.10858345               5.96904755               1.13673842             906.378113E-03           761.716431E-03           145.021881E-03  




