
                     X                   AVERAGE_SDV3             AVERAGE_SDV4             AVERAGE_SDV5             AVERAGE_SDV9            AVERAGE_SDV10            AVERAGE_SDV11     

                   0.                       0.                       0.                       0.                       0.                       0.                       0.            
                 120.                       4.97675323               4.14498806             832.381897E-03           635.005615E-03           528.79718E-03            106.175629E-03  
                 600.                       8.30335045               6.99551296               1.30785692               1.05940878             892.523804E-03           166.858795E-03  
                   1.79999995E+03           9.38254547               7.9196887                1.46215153               1.19696426               1.0105989              186.558548E-03  
                   7.19999981E+03           9.42543221               7.95462084               1.46844745               1.20275545               1.01527309             187.344925E-03  




