
                     X                   AVERAGE_SDV3             AVERAGE_SDV4             AVERAGE_SDV5             AVERAGE_SDV9            AVERAGE_SDV10            AVERAGE_SDV11     

                   0.                       0.                       0.                       0.                       0.                       0.                       0.            
                 120.                       4.22721624               3.50150609             724.830322E-03           539.11731E-03            446.615295E-03            92.4708481E-03 
                 600.                       6.74834299               5.66222095               1.085253               860.765076E-03           722.262024E-03           138.466949E-03  
                   1.79999995E+03           9.34863281               7.89282322               1.45723152               1.19277334               1.00675857             185.920441E-03  
                   7.19999981E+03          10.4441166                8.83159447               1.6137085                1.33249867               1.12666643             205.873077E-03  




