
                     X                   AVERAGE_SDV3             AVERAGE_SDV4             AVERAGE_SDV5             AVERAGE_SDV9            AVERAGE_SDV10            AVERAGE_SDV11     

                   0.                       0.                       0.                       0.                       0.                       0.                       0.            
                 120.                       5.79988718               4.85057545             950.11792E-03            740.12738E-03            618.792542E-03           121.2071E-03    
                 600.                       8.98730946               7.58272648               1.4057107                1.14657736             967.158142E-03           179.284058E-03  
                   1.79999995E+03           9.39541626               7.93080521               1.46406591               1.1988672                1.01174462             186.668793E-03  
                   7.19999981E+03           9.39651775               7.93450022               1.46452975               1.19912183               1.01180649             186.679489E-03  




