
                     X                   AVERAGE_SDV3             AVERAGE_SDV4             AVERAGE_SDV5             AVERAGE_SDV9            AVERAGE_SDV10            AVERAGE_SDV11     

                   0.                       0.                       0.                       0.                       0.                       0.                       0.            
                 120.                       4.01798201               3.32274342             694.924316E-03           512.588501E-03           423.932129E-03            88.6704483E-03 
                 600.                       6.24841881               5.2344408                1.01399934             797.033691E-03           667.853088E-03           129.379608E-03  
                   1.79999995E+03           8.82390594               7.43996286               1.38212144               1.12561297             949.316711E-03           176.306946E-03  
                   7.19999981E+03          10.2315989                8.64708805               1.58334458               1.30537069               1.10332155             201.975204E-03  




