
                     X                   AVERAGE_SDV3             AVERAGE_SDV4             AVERAGE_SDV5             AVERAGE_SDV9            AVERAGE_SDV10            AVERAGE_SDV11     

                   0.                       0.                       0.                       0.                       0.                       0.                       0.            
                 120.                       4.43244028               3.67795801             754.373169E-03           565.405823E-03           469.160217E-03            96.2203522E-03 
                 600.                       7.28979778               6.12775612               1.1630435              930.096558E-03           781.501648E-03           148.346405E-03  
                   1.79999995E+03           9.7460928                8.23322392               1.51393926               1.24347281               1.05013716             193.132111E-03  
                   7.19999981E+03          10.4374886                8.8248415                1.61304259               1.33185017               1.12538338             205.679276E-03  




