
                     X                   AVERAGE_SDV3             AVERAGE_SDV4             AVERAGE_SDV5             AVERAGE_SDV9            AVERAGE_SDV10            AVERAGE_SDV11     

                   0.                       0.                       0.                       0.                       0.                       0.                       0.            
                 120.                       4.40832996               3.6577549              750.910706E-03           562.418518E-03           466.678955E-03            95.8072662E-03 
                 600.                       7.06987381               5.93717289               1.13142049             901.894836E-03           757.512207E-03           144.347443E-03  
                   1.79999995E+03           7.58102894               6.37533236               1.20441353             967.171753E-03           813.405273E-03           153.635254E-03  
                   7.19999981E+03           7.58986473               6.37940168               1.20555711             968.274109E-03           814.336731E-03           153.799652E-03  




