
                     X                   AVERAGE_SDV3             AVERAGE_SDV4             AVERAGE_SDV5             AVERAGE_SDV9            AVERAGE_SDV10            AVERAGE_SDV11     

                   0.                       0.                       0.                       0.                       0.                       0.                       0.            
                 120.                       4.22406292               3.50042415             724.71051E-03            538.896606E-03           446.453949E-03            92.4428253E-03 
                 600.                       6.89730787               5.79141998               1.10691333             879.990906E-03           738.637024E-03           141.223526E-03  
                   1.79999995E+03           7.54438305               6.34494543               1.19950092             962.488037E-03           809.406677E-03           153.01915E-03   
                   7.19999981E+03           7.5594759                6.35842037               1.20157337             964.452454E-03           810.681824E-03           153.28392E-03   




