
                     X                   AVERAGE_SDV3             AVERAGE_SDV4             AVERAGE_SDV5             AVERAGE_SDV9            AVERAGE_SDV10            AVERAGE_SDV11     

                   0.                       0.                       0.                       0.                       0.                       0.                       0.            
                 120.                       4.05547428               3.35562706             700.493286E-03           517.344971E-03           428.013031E-03            89.355629E-03  
                 600.                       6.39565182               5.3606267                1.03499019             815.716187E-03           683.725281E-03           132.053101E-03  
                   1.79999995E+03           8.94901943               7.5486455                1.40011287               1.14161861             962.953674E-03           178.615646E-03  
                   7.19999981E+03          10.1725073                8.59843254               1.57514644               1.29792738               1.09682834             200.917511E-03  




