
                     X                   AVERAGE_SDV3             AVERAGE_SDV4             AVERAGE_SDV5             AVERAGE_SDV9            AVERAGE_SDV10            AVERAGE_SDV11     

                   0.                       0.                       0.                       0.                       0.                       0.                       0.            
                 120.                       5.5389576                4.62772942             912.423218E-03           706.770508E-03           590.169678E-03           116.420052E-03  
                 600.                       9.3555994                7.89795017               1.45815063               1.19345653               1.00740302             186.019073E-03  
                   1.79999995E+03          10.9572582                9.26882076               1.68690634               1.39752138               1.18240917             215.221741E-03  
                   7.19999981E+03          11.0618649                9.35632038               1.70208287               1.41046619               1.19384658             217.152817E-03  




