
                     X                   AVERAGE_SDV3             AVERAGE_SDV4             AVERAGE_SDV5             AVERAGE_SDV9            AVERAGE_SDV10            AVERAGE_SDV11     

                   0.                       0.                       0.                       0.                       0.                       0.                       0.            
                 120.                       4.49416304               3.73033452             762.903259E-03           573.392761E-03           475.897614E-03            97.3312454E-03 
                 600.                       7.290236                 6.12709522               1.16284466             930.081543E-03           781.782776E-03           148.351181E-03  
                   1.79999995E+03           9.94375896               8.40210629               1.54219258               1.26848078               1.0717324              196.771423E-03  
                   7.19999981E+03          10.8724222                9.19364166               1.6745913                1.38671148               1.17289948             213.585739E-03  




