
                     X                   AVERAGE_SDV3             AVERAGE_SDV4             AVERAGE_SDV5             AVERAGE_SDV9            AVERAGE_SDV10            AVERAGE_SDV11     

                   0.                       0.                       0.                       0.                       0.                       0.                       0.            
                 120.                       4.10522127               3.39758635             707.342896E-03           523.66626E-03            433.447784E-03            90.2422791E-03 
                 600.                       6.50344753               5.45164871               1.05033672             829.5354E-03             695.795898E-03           133.978149E-03  
                   1.79999995E+03           9.06709385               7.64998865               1.41691172               1.15669572             976.079346E-03           180.737808E-03  
                   7.19999981E+03          10.238121                 8.65473843               1.5842675                1.30619919               1.10412323             202.105759E-03  




