
                     X                   AVERAGE_SDV3             AVERAGE_SDV4             AVERAGE_SDV5             AVERAGE_SDV9            AVERAGE_SDV10            AVERAGE_SDV11     

                   0.                       0.                       0.                       0.                       0.                       0.                       0.            
                 120.                       5.51276207               4.60533476             909.013123E-03           703.287415E-03           587.34729E-03            115.966454E-03  
                 600.                       8.25464439               6.95579815               1.30085087               1.05314457             887.210022E-03           165.952759E-03  
                   1.79999995E+03           8.50046444               7.16816759               1.3359791                1.0845598              914.079285E-03           170.426834E-03  
                   7.19999981E+03           8.5007                   7.16850233               1.336007                 1.08456624             914.088379E-03           170.442215E-03  




