
                     X                   AVERAGE_SDV3             AVERAGE_SDV4             AVERAGE_SDV5             AVERAGE_SDV9            AVERAGE_SDV10            AVERAGE_SDV11     

                   0.                       0.                       0.                       0.                       0.                       0.                       0.            
                 120.                       3.42242527               2.81234765             609.744324E-03           436.726166E-03           358.885406E-03            77.8120193E-03 
                 600.                       4.465271                 3.7053535              758.988708E-03           569.639099E-03           472.756561E-03            96.8031693E-03 
                   1.79999995E+03           6.29122114               5.27091217               1.01985025             802.502991E-03           672.36615E-03            130.099792E-03  
                   7.19999981E+03           9.23334026               7.79272604               1.44030058               1.1776495              993.989319E-03           183.742599E-03  




