
                     X                   AVERAGE_SDV3             AVERAGE_SDV4             AVERAGE_SDV5             AVERAGE_SDV9            AVERAGE_SDV10            AVERAGE_SDV11     

                   0.                       0.                       0.                       0.                       0.                       0.                       0.            
                 120.                       5.40503979               4.51146889             893.373901E-03           689.400635E-03           575.641968E-03           113.950363E-03  
                 600.                       9.15719223               7.72543192               1.42948568               1.16810286             985.710022E-03           182.405914E-03  
                   1.79999995E+03          11.1466608                9.43481827               1.71392894               1.42223155               1.20363581             218.697464E-03  
                   7.19999981E+03          11.3522587                9.61276627               1.74319053               1.44896185               1.22647178             222.531433E-03  




