
                     X                   AVERAGE_SDV3             AVERAGE_SDV4             AVERAGE_SDV5             AVERAGE_SDV9            AVERAGE_SDV10            AVERAGE_SDV11     

                   0.                       0.                       0.                       0.                       0.                       0.                       0.            
                 120.                       4.04921961               3.35051656             699.655029E-03           516.594299E-03           427.330505E-03            89.2264938E-03 
                 600.                       6.38326883               5.35050583               1.03339362             814.410767E-03           682.346191E-03           131.813431E-03  
                   1.79999995E+03           8.93253994               7.53593874               1.39779854               1.13964438             961.269592E-03           178.304352E-03  
                   7.19999981E+03          10.1564484                8.58345699               1.57249057               1.29548144               1.09502149             200.604996E-03  




