
                     X                   AVERAGE_SDV3             AVERAGE_SDV4             AVERAGE_SDV5             AVERAGE_SDV9            AVERAGE_SDV10            AVERAGE_SDV11     

                   0.                       0.                       0.                       0.                       0.                       0.                       0.            
                 120.                       5.21686363               4.34985352             866.422119E-03           665.45813E-03            555.022339E-03           110.534424E-03  
                 600.                       8.83268738               7.45106077               1.38369739               1.12686956             950.506592E-03           176.508148E-03  
                   1.79999995E+03          10.6491899                9.00761509               1.64323723               1.35869837               1.14921737             209.63205E-03   
                   7.19999981E+03          10.8150969                9.15376091               1.66770208               1.37998712               1.16787016             212.760071E-03  




