
                     X                   AVERAGE_SDV3             AVERAGE_SDV4             AVERAGE_SDV5             AVERAGE_SDV9            AVERAGE_SDV10            AVERAGE_SDV11     

                   0.                       0.                       0.                       0.                       0.                       0.                       0.            
                 120.                       4.2302928                3.50416732             725.217468E-03           539.602356E-03           447.136627E-03            92.5194168E-03 
                 600.                       6.75380421               5.66553831               1.08594143             861.454041E-03           722.987732E-03           138.542679E-03  
                   1.79999995E+03           9.35972881               7.89951658               1.45852804               1.19367158               1.00788236             186.029068E-03  
                   7.19999981E+03          10.4553461                8.84127331               1.61513507               1.33379817               1.1279434              206.059509E-03  




