
                     X                   AVERAGE_SDV3             AVERAGE_SDV4             AVERAGE_SDV5             AVERAGE_SDV9            AVERAGE_SDV10            AVERAGE_SDV11     

                   0.                       0.                       0.                       0.                       0.                       0.                       0.            
                 120.                       4.47820282               3.7163856              760.542786E-03           571.194092E-03           474.229675E-03            97.0475006E-03 
                 600.                       7.24209166               6.0867877                1.15620601             923.911316E-03           776.469177E-03           147.514282E-03  
                   1.79999995E+03           9.91019058               8.37428665               1.53743446               1.26438034               1.06837249             196.168915E-03  
                   7.19999981E+03          10.8762741                9.20193672               1.67573261               1.38754106               1.17381275             213.821777E-03  




