
                     X                   AVERAGE_SDV3             AVERAGE_SDV4             AVERAGE_SDV5             AVERAGE_SDV9            AVERAGE_SDV10            AVERAGE_SDV11     

                   0.                       0.                       0.                       0.                       0.                       0.                       0.            
                 120.                       4.22126389               3.49698186             724.115356E-03           538.487976E-03           446.148773E-03            92.3571625E-03 
                 600.                       6.73927975               5.65543032               1.08427799             859.763977E-03           721.360962E-03           138.321869E-03  
                   1.79999995E+03           9.33751965               7.88321114               1.45564723               1.19140661               1.00543249             185.672546E-03  
                   7.19999981E+03          10.4323244                8.81834793               1.61171424               1.3307184                1.12509763             205.610291E-03  




