
                     X                   AVERAGE_SDV3             AVERAGE_SDV4             AVERAGE_SDV5             AVERAGE_SDV9            AVERAGE_SDV10            AVERAGE_SDV11     

                   0.                       0.                       0.                       0.                       0.                       0.                       0.            
                 120.                       4.11531019               3.40703702             708.942627E-03           525.132141E-03           434.601013E-03            90.4501114E-03 
                 600.                       6.77837658               5.68795538               1.08960259             864.651001E-03           725.497498E-03           138.997192E-03  
                   1.79999995E+03           9.02629948               7.61459446               1.41091907               1.15141404             971.219543E-03           179.997375E-03  
                   7.19999981E+03           9.63356113               8.13679314               1.49730313               1.22914886               1.03768694             191.040359E-03  




