
                     X                   AVERAGE_SDV3             AVERAGE_SDV4             AVERAGE_SDV5             AVERAGE_SDV9            AVERAGE_SDV10            AVERAGE_SDV11     

                   0.                       0.                       0.                       0.                       0.                       0.                       0.            
                 120.                       5.79842901               4.84811974             949.539429E-03           739.78064E-03            618.729919E-03           121.165573E-03  
                 600.                       9.83050156               8.30314541               1.52576172               1.25401306               1.05942941             194.651123E-03  
                   1.79999995E+03          11.8344793               10.0210562                1.81231451               1.50961602               1.27856719             231.165451E-03  
                   7.19999981E+03          12.021431                10.1785593                1.83887923               1.53245163               1.29824281             234.468582E-03  




