
                     X                   AVERAGE_SDV3             AVERAGE_SDV4             AVERAGE_SDV5             AVERAGE_SDV9            AVERAGE_SDV10            AVERAGE_SDV11     

                   0.                       0.                       0.                       0.                       0.                       0.                       0.            
                 120.                       4.24798918               3.52031398             728.026062E-03           541.932678E-03           449.109741E-03            92.8946533E-03 
                 600.                       6.78039122               5.69015694               1.0898515              865.081482E-03           726.006287E-03           139.069763E-03  
                   1.79999995E+03           7.24360037               6.0874157                1.15634894             924.314026E-03           776.568115E-03           147.524475E-03  
                   7.19999981E+03           7.24993849               6.0934577                1.15664804             925.276978E-03           777.314941E-03           147.618835E-03  




