
                     X                   AVERAGE_SDV3             AVERAGE_SDV4             AVERAGE_SDV5             AVERAGE_SDV9            AVERAGE_SDV10            AVERAGE_SDV11     

                   0.                       0.                       0.                       0.                       0.                       0.                       0.            
                 120.                       4.02365255               3.32762647             695.884705E-03           513.382446E-03           424.525665E-03            88.764267E-03  
                 600.                       6.26512623               5.24821472               1.01638603             799.094116E-03           669.60907E-03            129.680252E-03  
                   1.79999995E+03           8.84055519               7.45526028               1.38460386               1.12776864             951.209534E-03           176.616379E-03  
                   7.19999981E+03          10.2335157                8.64793587               1.58351874               1.30553746               1.10347998             201.995789E-03  




