
                     X                   AVERAGE_SDV3             AVERAGE_SDV4             AVERAGE_SDV5             AVERAGE_SDV9            AVERAGE_SDV10            AVERAGE_SDV11     

                   0.                       0.                       0.                       0.                       0.                       0.                       0.            
                 120.                       3.32782316               2.73200369             595.857544E-03           424.481232E-03           348.502747E-03            76.0237427E-03 
                 600.                       3.67230582               3.0267005              645.613586E-03           468.482697E-03           386.204285E-03            82.3605804E-03 
                   1.79999995E+03           4.43672228               3.68231416             754.830688E-03           566.095093E-03           469.697601E-03            96.3256531E-03 
                   7.19999981E+03           6.77703428               5.68716431               1.08948827             864.62854E-03            725.491943E-03           139.005402E-03  




