
                     X                   AVERAGE_SDV3             AVERAGE_SDV4             AVERAGE_SDV5             AVERAGE_SDV9            AVERAGE_SDV10            AVERAGE_SDV11     

                   0.                       0.                       0.                       0.                       0.                       0.                       0.            
                 120.                       6.33167076               5.30580664               1.02595496             807.728027E-03           676.882202E-03           130.878555E-03  
                 600.                       9.09286785               7.67233944               1.42050195               1.15996885             978.758423E-03           181.198959E-03  
                   1.79999995E+03           9.25003529               7.80945063               1.44265938               1.17978549             996.090149E-03           184.084259E-03  
                   7.19999981E+03           9.25004101               7.80945158               1.44267881               1.17978597             996.091919E-03           184.084366E-03  




