
                     X                   AVERAGE_SDV3             AVERAGE_SDV4             AVERAGE_SDV5             AVERAGE_SDV9            AVERAGE_SDV10            AVERAGE_SDV11     

                   0.                       0.                       0.                       0.                       0.                       0.                       0.            
                 120.                       4.20269871               3.4815681              721.333679E-03           536.017334E-03           444.030273E-03            92.0277176E-03 
                 600.                       6.6763258                5.60251093               1.07543302             851.762146E-03           714.681885E-03           137.173706E-03  
                   1.79999995E+03           9.29173183               7.84247351               1.44889879               1.18524206               1.00054681             184.818329E-03  
                   7.19999981E+03          10.449748                 8.83653831               1.61452389               1.33320951               1.12722099             205.982086E-03  




