
                     X                   AVERAGE_SDV3             AVERAGE_SDV4             AVERAGE_SDV5             AVERAGE_SDV9            AVERAGE_SDV10            AVERAGE_SDV11     

                   0.                       0.                       0.                       0.                       0.                       0.                       0.            
                 120.                       4.22946548               3.50362277             725.095337E-03           539.614319E-03           447.10434E-03             92.5136414E-03 
                 600.                       6.74643326               5.66319036               1.08530915             860.836548E-03           722.199768E-03           138.472549E-03  
                   1.79999995E+03           9.35679245               7.8988862                1.45831573               1.19368207               1.0076257              186.058945E-03  
                   7.19999981E+03          10.4675131                8.84908199               1.61692262               1.33532965               1.12895036             206.25737E-03   




