
                     X                   AVERAGE_SDV3             AVERAGE_SDV4             AVERAGE_SDV5             AVERAGE_SDV9            AVERAGE_SDV10            AVERAGE_SDV11     

                   0.                       0.                       0.                       0.                       0.                       0.                       0.            
                 120.                       4.35906267               3.61435556             743.930115E-03           556.04364E-03            461.154755E-03            94.873558E-03  
                 600.                       7.19091511               6.04131031               1.14879882             917.506714E-03           770.960693E-03           146.520996E-03  
                   1.79999995E+03           9.56117439               8.0723772                1.48765612               1.21993041               1.03007722             189.730698E-03  
                   7.19999981E+03          10.1877642                8.61175251               1.57760084               1.30022812               1.0985074              201.177734E-03  




