
                     X                   AVERAGE_SDV3             AVERAGE_SDV4             AVERAGE_SDV5             AVERAGE_SDV9            AVERAGE_SDV10            AVERAGE_SDV11     

                   0.                       0.                       0.                       0.                       0.                       0.                       0.            
                 120.                       4.04167414               3.34426522             698.312805E-03           515.485718E-03           426.547363E-03            89.1166763E-03 
                 600.                       6.35313654               5.32425356               1.02878046             810.346497E-03           679.098816E-03           131.268173E-03  
                   1.79999995E+03           8.90893459               7.51506329               1.39445353               1.13663197             958.540283E-03           177.899307E-03  
                   7.19999981E+03          10.1730566                8.59874058               1.57504225               1.29795039               1.09688711             200.928329E-03  




