
                     X                   AVERAGE_SDV3             AVERAGE_SDV4             AVERAGE_SDV5             AVERAGE_SDV9            AVERAGE_SDV10            AVERAGE_SDV11     

                   0.                       0.                       0.                       0.                       0.                       0.                       0.            
                 120.                       4.12005329               3.41062927             709.567566E-03           525.797058E-03           435.187286E-03            90.5558701E-03 
                 600.                       6.79543352               5.70439863               1.09224153             867.092407E-03           727.69928E-03            139.351364E-03  
                   1.79999995E+03           9.02558899               7.61580706               1.4110806                1.15152979             971.482605E-03           180.014801E-03  
                   7.19999981E+03           9.61330605               8.12036896               1.49511385               1.22651803               1.03538537             190.770142E-03  




