
                     X                   AVERAGE_SDV3             AVERAGE_SDV4             AVERAGE_SDV5             AVERAGE_SDV9            AVERAGE_SDV10            AVERAGE_SDV11     

                   0.                       0.                       0.                       0.                       0.                       0.                       0.            
                 120.                       4.02413082               3.32929373             695.850098E-03           513.414185E-03           424.598694E-03            88.7815323E-03 
                 600.                       6.26926422               5.2508893                1.01685143             799.679016E-03           669.992004E-03           129.702576E-03  
                   1.79999995E+03           8.84303856               7.45792484               1.38483942               1.12825561             951.591492E-03           176.647552E-03  
                   7.19999981E+03          10.2324696                8.64725399               1.58330154               1.30536449               1.10334086             201.952591E-03  




