
                     X                   AVERAGE_SDV3             AVERAGE_SDV4             AVERAGE_SDV5             AVERAGE_SDV9            AVERAGE_SDV10            AVERAGE_SDV11     

                   0.                       0.                       0.                       0.                       0.                       0.                       0.            
                 120.                       4.04452038               3.3454771              698.60907E-03            516.010071E-03           426.828369E-03            89.1460114E-03 
                 600.                       6.35862684               5.328053                 1.02971983             811.006836E-03           679.622803E-03           131.353897E-03  
                   1.79999995E+03           8.91532803               7.51985407               1.39515579               1.13728881             959.207275E-03           177.989807E-03  
                   7.19999981E+03          10.1744595                8.59955406               1.57536244               1.29811907               1.09706879             200.951569E-03  




