
                     X                   AVERAGE_SDV3             AVERAGE_SDV4             AVERAGE_SDV5             AVERAGE_SDV9            AVERAGE_SDV10            AVERAGE_SDV11     

                   0.                       0.                       0.                       0.                       0.                       0.                       0.            
                 120.                       3.29926038               2.7066915              592.066956E-03           420.849487E-03           345.269379E-03            75.5356827E-03 
                 600.                       4.58005524               3.80474043             775.414551E-03           584.259888E-03           485.305878E-03            98.9181595E-03 
                   1.79999995E+03           6.58013058               5.51789904               1.06150723             839.418579E-03           704.070557E-03           135.417465E-03  
                   7.19999981E+03           8.94287777               7.54275894               1.39914513               1.1409328              962.388977E-03           178.470459E-03  




