
                     X                   AVERAGE_SDV3             AVERAGE_SDV4             AVERAGE_SDV5             AVERAGE_SDV9            AVERAGE_SDV10            AVERAGE_SDV11     

                   0.                       0.                       0.                       0.                       0.                       0.                       0.            
                 120.                       6.79626179               5.7042861                1.09260583             867.057922E-03           727.67041E-03            139.366821E-03  
                 600.                       9.81850719               8.29460239               1.5244776                1.25289726               1.05821204             194.467468E-03  
                   1.79999995E+03          10.0006971                8.45158291               1.55076647               1.27621794               1.07815075             197.780502E-03  
                   7.19999981E+03          10.0007086                8.45158386               1.55076683               1.27622521               1.07815158             197.781662E-03  




