
                     X                   AVERAGE_SDV3             AVERAGE_SDV4             AVERAGE_SDV5             AVERAGE_SDV9            AVERAGE_SDV10            AVERAGE_SDV11     

                   0.                       0.                       0.                       0.                       0.                       0.                       0.            
                 120.                       4.01114607               3.31686115             694.357239E-03           511.773834E-03           423.185608E-03            88.5689697E-03 
                 600.                       6.46487284               5.41944933               1.04511559             824.72998E-03            691.456299E-03           133.319885E-03  
                   1.79999995E+03           6.97279644               5.85424757               1.11772168             889.584473E-03           746.97113E-03            142.604202E-03  
                   7.19999981E+03           6.98115253               5.86033106               1.11875176             890.600281E-03           747.92804E-03            142.733643E-03  




