
                     X                   AVERAGE_SDV3             AVERAGE_SDV4             AVERAGE_SDV5             AVERAGE_SDV9            AVERAGE_SDV10            AVERAGE_SDV11     

                   0.                       0.                       0.                       0.                       0.                       0.                       0.            
                 120.                       4.04863262               3.34974098             699.428772E-03           516.529846E-03           427.248932E-03            89.239502E-03  
                 600.                       6.38776255               5.35443735               1.03386319             814.75238E-03            683.030334E-03           131.922211E-03  
                   1.79999995E+03           8.9344902                7.53593826               1.39813161               1.13972533             961.44342E-03            178.343918E-03  
                   7.19999981E+03          10.1460934                8.57542133               1.57141113               1.29450691               1.09416151             200.454758E-03  




