
                     X                   AVERAGE_SDV3             AVERAGE_SDV4             AVERAGE_SDV5             AVERAGE_SDV9            AVERAGE_SDV10            AVERAGE_SDV11     

                   0.                       0.                       0.                       0.                       0.                       0.                       0.            
                 120.                       4.04234409               3.34432983             698.364441E-03           515.612854E-03           426.594086E-03            89.1187897E-03 
                 600.                       6.35408878               5.32608271               1.02911949             810.657043E-03           679.263062E-03           131.302582E-03  
                   1.79999995E+03           8.90996742               7.51635933               1.39464545               1.13685918             958.794922E-03           177.93718E-03   
                   7.19999981E+03          10.1720715                8.59798622               1.57489765               1.29788339               1.09665                200.903122E-03  




