
                     X                   AVERAGE_SDV3             AVERAGE_SDV4             AVERAGE_SDV5             AVERAGE_SDV9            AVERAGE_SDV10            AVERAGE_SDV11     

                   0.                       0.                       0.                       0.                       0.                       0.                       0.            
                 120.                       5.41756105               4.52393103             895.128235E-03           691.31781E-03            577.048157E-03           114.203629E-03  
                 600.                       9.15987968               7.7302866                1.43018174               1.1685847              986.168579E-03           182.430878E-03  
                   1.79999995E+03          10.7959814                9.1329174                1.6638577                1.37730253               1.16500568             212.250931E-03  
                   7.19999981E+03          10.9083443                9.23088169               1.67989993               1.39170849               1.17734671             214.355606E-03  




