
                     X                   AVERAGE_SDV3             AVERAGE_SDV4             AVERAGE_SDV5             AVERAGE_SDV9            AVERAGE_SDV10            AVERAGE_SDV11     

                   0.                       0.                       0.                       0.                       0.                       0.                       0.            
                 120.                       4.34287834               3.6013031              741.572937E-03           553.962219E-03           459.355164E-03            94.5845337E-03 
                 600.                       6.92835426               5.81630516               1.1114105              883.985535E-03           742.173706E-03           141.755951E-03  
                   1.79999995E+03           7.39854622               6.22024822               1.17866039             943.934814E-03           793.552612E-03           150.360825E-03  
                   7.19999981E+03           7.405478                 6.22324467               1.17958999             944.848022E-03           794.363708E-03           150.402161E-03  




