
                     X                   AVERAGE_SDV3             AVERAGE_SDV4             AVERAGE_SDV5             AVERAGE_SDV9            AVERAGE_SDV10            AVERAGE_SDV11     

                   0.                       0.                       0.                       0.                       0.                       0.                       0.            
                 120.                       4.05869865               3.3588028              700.802551E-03           517.785339E-03           428.433167E-03            89.4266129E-03 
                 600.                       6.40334558               5.36699581               1.03605843             816.863098E-03           684.678467E-03           132.182114E-03  
                   1.79999995E+03           8.95730877               7.55630875               1.40125334               1.14273202             963.796326E-03           178.752945E-03  
                   7.19999981E+03          10.1731157                8.59905434               1.57526243               1.29801333               1.09697342             200.934341E-03  




