
                     X                   AVERAGE_SDV3             AVERAGE_SDV4             AVERAGE_SDV5             AVERAGE_SDV9            AVERAGE_SDV10            AVERAGE_SDV11     

                   0.                       0.                       0.                       0.                       0.                       0.                       0.            
                 120.                       4.18682957               3.46855354             719.200195E-03           534.18042E-03            442.41391E-03             91.7281647E-03 
                 600.                       6.6416254                5.56888247               1.06980145             846.96344E-03            710.656738E-03           136.502838E-03  
                   1.79999995E+03           9.2537756                7.81045485               1.44370234               1.18050098             996.40094E-03            184.187057E-03  
                   7.19999981E+03          10.4397793                8.82519054               1.61281276               1.33162832               1.12588644             205.749664E-03  




