
                     X                   AVERAGE_SDV3             AVERAGE_SDV4             AVERAGE_SDV5             AVERAGE_SDV9            AVERAGE_SDV10            AVERAGE_SDV11     

                   0.                       0.                       0.                       0.                       0.                       0.                       0.            
                 120.                       3.46872067               2.85161877             616.51239E-03            442.375366E-03           363.785461E-03            78.6521912E-03 
                 600.                       5.82410192               4.87081003             953.581482E-03           743.075256E-03           621.406006E-03           121.635941E-03  
                   1.79999995E+03           7.27086115               6.1105504                1.16031814             927.623047E-03           779.49823E-03            148.028915E-03  
                   7.19999981E+03           7.47179461               6.28221416               1.18899381             953.218079E-03           801.356201E-03           151.708435E-03  




