
                     X                   AVERAGE_SDV3             AVERAGE_SDV4             AVERAGE_SDV5             AVERAGE_SDV9            AVERAGE_SDV10            AVERAGE_SDV11     

                   0.                       0.                       0.                       0.                       0.                       0.                       0.            
                 120.                       5.44386864               4.54453564             898.979858E-03           694.293274E-03           579.669617E-03           114.696297E-03  
                 600.                       8.34923363               7.03470564               1.31435823               1.0650723              897.276733E-03           167.677216E-03  
                   1.79999995E+03           8.68654346               7.32377434               1.36254489               1.10792422             933.904724E-03           173.816422E-03  
                   7.19999981E+03           8.68728733               7.32500362               1.36294413               1.10802758             933.997314E-03           173.826111E-03  




