
                     X                   AVERAGE_SDV3             AVERAGE_SDV4             AVERAGE_SDV5             AVERAGE_SDV9            AVERAGE_SDV10            AVERAGE_SDV11     

                   0.                       0.                       0.                       0.                       0.                       0.                       0.            
                 120.                       6.34189606               5.31504202               1.02725601             809.172546E-03           678.061829E-03           131.07225E-03   
                 600.                       9.8520174                8.32376003               1.52877343               1.25710499               1.06180382             195.068909E-03  
                   1.79999995E+03          10.3115921                8.71741295               1.59394705               1.31553853               1.11185265             203.39592E-03   
                   7.19999981E+03          10.3124647                8.71854782               1.59404242               1.31605709               1.11199749             203.49852E-03   




