
                     X                   AVERAGE_SDV3             AVERAGE_SDV4             AVERAGE_SDV5             AVERAGE_SDV9            AVERAGE_SDV10            AVERAGE_SDV11     

                   0.                       0.                       0.                       0.                       0.                       0.                       0.            
                 120.                       4.71855974               3.92316532             795.102905E-03           601.832764E-03           500.347076E-03           101.424278E-03  
                 600.                       7.97513199               6.71410942               1.2608552                1.0173645              856.521423E-03           160.848557E-03  
                   1.79999995E+03           9.82069683               8.29585266               1.52467167               1.25318897               1.05835307             194.539108E-03  
                   7.19999981E+03          10.0402117                8.48281288               1.55560505               1.28116357               1.08211744             198.58371E-03   




