
                     X                   AVERAGE_SDV3             AVERAGE_SDV4             AVERAGE_SDV5             AVERAGE_SDV9            AVERAGE_SDV10            AVERAGE_SDV11     

                   0.                       0.                       0.                       0.                       0.                       0.                       0.            
                 120.                       3.77371407               3.11455321             660.077454E-03           481.640564E-03           397.292969E-03            84.194809E-03  
                 600.                       4.55311823               3.78191137             771.310059E-03           580.783997E-03           482.479431E-03            98.3952103E-03 
                   1.79999995E+03           6.09038305               5.09887075             991.167053E-03           776.782715E-03           650.305115E-03           126.426758E-03  
                   7.19999981E+03           9.51781845               8.03547668               1.48118496               1.21412385               1.02520359             188.953415E-03  




