
                     X                   AVERAGE_SDV3             AVERAGE_SDV4             AVERAGE_SDV5             AVERAGE_SDV9            AVERAGE_SDV10            AVERAGE_SDV11     

                   0.                       0.                       0.                       0.                       0.                       0.                       0.            
                 120.                       4.04023314               3.34171844             698.184875E-03           515.487E-03              426.334625E-03            89.0665359E-03 
                 600.                       6.34732533               5.31801653               1.02795947             809.811584E-03           678.525574E-03           131.149292E-03  
                   1.79999995E+03           8.90513325               7.51110506               1.39381874               1.13624084             958.354309E-03           177.797333E-03  
                   7.19999981E+03          10.1760588                8.60199356               1.57561493               1.29857481               1.09749985             200.981552E-03  




