
                     X                   AVERAGE_SDV3             AVERAGE_SDV4             AVERAGE_SDV5             AVERAGE_SDV9            AVERAGE_SDV10            AVERAGE_SDV11     

                   0.                       0.                       0.                       0.                       0.                       0.                       0.            
                 120.                       6.97823811               5.86015892               1.11824799             890.165161E-03           747.60791E-03            142.647293E-03  
                 600.                      11.2817783                9.5497551                1.73372543               1.43928838               1.21826422             221.14859E-03   
                   1.79999995E+03          12.1464157               10.2913733                1.85712266               1.54955459               1.31297112             236.914612E-03  
                   7.19999981E+03          12.1580925               10.3031235                1.85917187               1.55101049               1.31389737             237.189392E-03  




