
                     X                   AVERAGE_SDV3             AVERAGE_SDV4             AVERAGE_SDV5             AVERAGE_SDV9            AVERAGE_SDV10            AVERAGE_SDV11     

                   0.                       0.                       0.                       0.                       0.                       0.                       0.            
                 120.                       6.4897356                5.44049883               1.04863286             827.877136E-03           694.113953E-03           133.751801E-03  
                 600.                       9.32010365               7.86742306               1.45305324               1.18904483               1.00367701             185.402985E-03  
                   1.79999995E+03           9.48095512               8.00350761               1.47649944               1.20973337               1.02135122             188.358322E-03  
                   7.19999981E+03           9.48114395               8.00350857               1.47649944               1.20975637               1.02135193             188.358475E-03  




