
                     X                   AVERAGE_SDV3             AVERAGE_SDV4             AVERAGE_SDV5             AVERAGE_SDV9            AVERAGE_SDV10            AVERAGE_SDV11     

                   0.                       0.                       0.                       0.                       0.                       0.                       0.            
                 120.                       7.20710802               6.05495977               1.15079737             919.390686E-03           772.356812E-03           146.821442E-03  
                 600.                      11.3883066                9.64040661               1.74885964               1.45277715               1.22976744             223.082733E-03  
                   1.79999995E+03          12.0366478               10.1956263                1.84119654               1.53564155               1.30085504             234.895706E-03  
                   7.19999981E+03          12.0405731               10.1990309                1.8427527                1.53612745               1.30107105             234.95668E-03   




