
                     X                   AVERAGE_SDV3             AVERAGE_SDV4             AVERAGE_SDV5             AVERAGE_SDV9            AVERAGE_SDV10            AVERAGE_SDV11     

                   0.                       0.                       0.                       0.                       0.                       0.                       0.            
                 120.                       4.19853497               3.47785473             720.73999E-03            535.619873E-03           443.688965E-03            91.9592209E-03 
                 600.                       6.64020681               5.57109785               1.07014811             847.210449E-03           710.801086E-03           136.549942E-03  
                   1.79999995E+03           9.27281761               7.82844162               1.4465493                1.18309176             998.612488E-03           184.54747E-03   
                   7.19999981E+03          10.4970684                8.87767506               1.62121439               1.33929896               1.13239348             206.829865E-03  




