
                     X                   AVERAGE_SDV3             AVERAGE_SDV4             AVERAGE_SDV5             AVERAGE_SDV9            AVERAGE_SDV10            AVERAGE_SDV11     

                   0.                       0.                       0.                       0.                       0.                       0.                       0.            
                 120.                       5.82819653               4.87380123             954.116638E-03           743.549255E-03           621.816711E-03           121.708481E-03  
                 600.                       8.36516571               7.04790258               1.31665969               1.06720543             898.95105E-03            167.951096E-03  
                   1.79999995E+03           8.51091099               7.17192268               1.33705878               1.08585322             914.572144E-03           170.570786E-03  
                   7.19999981E+03           8.51117706               7.17192745               1.33706534               1.08585525             914.572205E-03           170.570831E-03  




