
                     X                   AVERAGE_SDV3             AVERAGE_SDV4             AVERAGE_SDV5             AVERAGE_SDV9            AVERAGE_SDV10            AVERAGE_SDV11     

                   0.                       0.                       0.                       0.                       0.                       0.                       0.            
                 120.                       6.45286703               5.40856028               1.04307818             823.202637E-03           690.134155E-03           133.060745E-03  
                 600.                       9.43253136               7.96271086               1.4689486                1.20345557               1.01596165             187.392075E-03  
                   1.79999995E+03           9.63665676               8.13945389               1.49882066               1.22975218               1.03867543             191.070312E-03  
                   7.19999981E+03           9.63666058               8.1394825                1.4988277                1.2300905                1.03869879             191.070435E-03  




