
                     X                   AVERAGE_SDV3             AVERAGE_SDV4             AVERAGE_SDV5             AVERAGE_SDV9            AVERAGE_SDV10            AVERAGE_SDV11     

                   0.                       0.                       0.                       0.                       0.                       0.                       0.            
                 120.                       6.12445116               5.1290307              996.188965E-03           781.23175E-03            654.302185E-03           127.111214E-03  
                 600.                       9.86113834               8.33254814               1.5305984                1.25800896               1.0628233              195.241516E-03  
                   1.79999995E+03          10.587657                 8.95408535               1.63412488               1.35053051               1.14210463             208.470825E-03  
                   7.19999981E+03          10.5944099                8.96542931               1.63580525               1.35163128               1.14322519             208.602509E-03  




