
                     X                   AVERAGE_SDV3             AVERAGE_SDV4             AVERAGE_SDV5             AVERAGE_SDV9            AVERAGE_SDV10            AVERAGE_SDV11     

                   0.                       0.                       0.                       0.                       0.                       0.                       0.            
                 120.                       3.1324873                2.56391644             568.214966E-03           399.482422E-03           327.01828E-03             72.489212E-03  
                 600.                       3.81720543               3.14983606             666.251465E-03           486.820312E-03           401.939941E-03            85.0083389E-03 
                   1.79999995E+03           5.14621258               4.28953552             856.458923E-03           656.411377E-03           547.22345E-03            109.267258E-03  
                   7.19999981E+03           7.98174191               6.72160196               1.2622242                1.01845515             857.405518E-03           160.998276E-03  




