
                     X                   AVERAGE_SDV3             AVERAGE_SDV4             AVERAGE_SDV5             AVERAGE_SDV9            AVERAGE_SDV10            AVERAGE_SDV11     

                   0.                       0.                       0.                       0.                       0.                       0.                       0.            
                 120.                       4.22754526               3.50215077             724.994507E-03           539.297852E-03           446.819397E-03            92.4923782E-03 
                 600.                       6.74912357               5.6633172                1.08552766             861.132324E-03           722.48822E-03            138.51236E-03   
                   1.79999995E+03           9.35318661               7.89473581               1.45770943               1.19304001               1.007043               185.957138E-03  
                   7.19999981E+03          10.4485512                8.83493137               1.61393905               1.33280098               1.12691057             205.967468E-03  




