
                     X                   AVERAGE_SDV3             AVERAGE_SDV4             AVERAGE_SDV5             AVERAGE_SDV9            AVERAGE_SDV10            AVERAGE_SDV11     

                   0.                       0.                       0.                       0.                       0.                       0.                       0.            
                 120.                       4.68577957               3.89508605             790.491394E-03           597.653442E-03           496.777466E-03           100.869644E-03  
                 600.                       7.12369013               5.98310375               1.13899374             908.658508E-03           763.251221E-03           145.331726E-03  
                   1.79999995E+03           7.38402891               6.20609093               1.17605555             941.739319E-03           791.585754E-03           150.067307E-03  
                   7.19999981E+03           7.38682222               6.20695543               1.17610288             941.802612E-03           791.604492E-03           150.084503E-03  




