
                     X                   AVERAGE_SDV3             AVERAGE_SDV4             AVERAGE_SDV5             AVERAGE_SDV9            AVERAGE_SDV10            AVERAGE_SDV11     

                   0.                       0.                       0.                       0.                       0.                       0.                       0.            
                 120.                       4.04908943               3.34945631             699.34967E-03            516.599854E-03           427.305542E-03            89.2290039E-03 
                 600.                       6.37556648               5.34409142               1.03245199             813.631287E-03           681.864685E-03           131.703308E-03  
                   1.79999995E+03           8.9295969                7.53361845               1.39729595               1.13940883             961.084351E-03           178.27832E-03   
                   7.19999981E+03          10.167697                 8.59496784               1.57411957               1.29728115               1.0963167              200.842361E-03  




