
                     X                   AVERAGE_SDV3             AVERAGE_SDV4             AVERAGE_SDV5             AVERAGE_SDV9            AVERAGE_SDV10            AVERAGE_SDV11     

                   0.                       0.                       0.                       0.                       0.                       0.                       0.            
                 120.                       4.02002573               3.32425094             695.179321E-03           512.730713E-03           424.115326E-03            88.6710205E-03 
                 600.                       6.25740671               5.24037409               1.01490939             798.186035E-03           668.622742E-03           129.495544E-03  
                   1.79999995E+03           8.8312664                7.44704199               1.38305819               1.12654686             950.244263E-03           176.446228E-03  
                   7.19999981E+03          10.2281313                8.64401627               1.58270741               1.30499375               1.10297835             201.884155E-03  




