
                     X                   AVERAGE_SDV3             AVERAGE_SDV4             AVERAGE_SDV5             AVERAGE_SDV9            AVERAGE_SDV10            AVERAGE_SDV11     

                   0.                       0.                       0.                       0.                       0.                       0.                       0.            
                 120.                       3.4802413                2.86246538             618.211121E-03           444.005066E-03           365.182892E-03            78.833519E-03  
                 600.                       5.21527338               4.34890079             866.078918E-03           665.088989E-03           554.689209E-03           110.501617E-03  
                   1.79999995E+03           7.46780539               6.28046274               1.18837857             952.750549E-03           801.233521E-03           151.63353E-03   
                   7.19999981E+03           9.11662769               7.69325542               1.42387938               1.16303456             981.43396E-03            181.686386E-03  




