
                     X                   AVERAGE_SDV3             AVERAGE_SDV4             AVERAGE_SDV5             AVERAGE_SDV9            AVERAGE_SDV10            AVERAGE_SDV11     

                   0.                       0.                       0.                       0.                       0.                       0.                       0.            
                 120.                       5.32974911               4.44677258             882.513977E-03           680.069519E-03           567.305969E-03           112.587509E-03  
                 600.                       9.02682114               7.61594009               1.41128099               1.15168095             971.515503E-03           180.017868E-03  
                   1.79999995E+03          10.9974279                9.30597305               1.69273257               1.40302002               1.18721688             215.957886E-03  
                   7.19999981E+03          11.2081251                9.48070335               1.72244978               1.42961097               1.20970225             219.720337E-03  




