
                     X                   AVERAGE_SDV3             AVERAGE_SDV4             AVERAGE_SDV5             AVERAGE_SDV9            AVERAGE_SDV10            AVERAGE_SDV11     

                   0.                       0.                       0.                       0.                       0.                       0.                       0.            
                 120.                       4.04135132               3.34251714             698.202881E-03           515.427002E-03           426.437592E-03            89.095047E-03  
                 600.                       6.35090876               5.32181311               1.02855492             809.974915E-03           678.936035E-03           131.229248E-03  
                   1.79999995E+03           8.90767956               7.51397753               1.39419615               1.13633835             958.368408E-03           177.866516E-03  
                   7.19999981E+03          10.1729174                8.59829998               1.57501435               1.29792309               1.09684289             200.918228E-03  




