
                     X                   AVERAGE_SDV3             AVERAGE_SDV4             AVERAGE_SDV5             AVERAGE_SDV9            AVERAGE_SDV10            AVERAGE_SDV11     

                   0.                       0.                       0.                       0.                       0.                       0.                       0.            
                 120.                       4.1220603                3.41193056             709.941589E-03           525.887024E-03           435.395691E-03            90.5670166E-03 
                 600.                       6.82583284               5.72960901               1.09648025             870.721985E-03           730.812256E-03           139.864059E-03  
                   1.79999995E+03           8.99731636               7.590137                 1.40657711               1.14756465             968.185181E-03           179.428238E-03  
                   7.19999981E+03           9.52466583               8.04297352               1.48166227               1.21485317               1.02574587             189.002808E-03  




