
                     X                   AVERAGE_SDV3             AVERAGE_SDV4             AVERAGE_SDV5             AVERAGE_SDV9            AVERAGE_SDV10            AVERAGE_SDV11     

                   0.                       0.                       0.                       0.                       0.                       0.                       0.            
                 120.                       5.9779501                5.00184393             975.388733E-03           762.49353E-03            638.193237E-03           124.40493E-03   
                 600.                      10.0814114                8.52077389               1.56169796               1.28605938               1.08682537             199.271469E-03  
                   1.79999995E+03          11.6988811                9.90763474               1.79279613               1.49267173               1.26410556             228.766449E-03  
                   7.19999981E+03          11.789465                 9.98822784               1.80565572               1.50413895               1.27371645             230.461319E-03  




