
                     X                   AVERAGE_SDV3             AVERAGE_SDV4             AVERAGE_SDV5             AVERAGE_SDV9            AVERAGE_SDV10            AVERAGE_SDV11     

                   0.                       0.                       0.                       0.                       0.                       0.                       0.            
                 120.                       4.05816746               3.35656929             700.779053E-03           517.697815E-03           428.33783E-03             89.418869E-03  
                 600.                       6.40208006               5.36550951               1.03590393             816.749634E-03           684.417114E-03           132.172775E-03  
                   1.79999995E+03           8.9549818                7.55454683               1.40072441               1.14255941             963.669006E-03           178.724731E-03  
                   7.19999981E+03          10.1719952                8.59753609               1.57470095               1.29790163               1.0968082              200.906677E-03  




