
                     X                   AVERAGE_SDV3             AVERAGE_SDV4             AVERAGE_SDV5             AVERAGE_SDV9            AVERAGE_SDV10            AVERAGE_SDV11     

                   0.                       0.                       0.                       0.                       0.                       0.                       0.            
                 120.                       4.05866957               3.35877824             700.800232E-03           517.782166E-03           428.421783E-03            89.4262848E-03 
                 600.                       6.40316629               5.36687565               1.0360527              816.859192E-03           684.664429E-03           132.181641E-03  
                   1.79999995E+03           8.95723057               7.55625343               1.40122283               1.14266229             963.787903E-03           178.749405E-03  
                   7.19999981E+03          10.1730089                8.59892273               1.57521272               1.29799736               1.09695983             200.928497E-03  




