
                     X                   AVERAGE_SDV3             AVERAGE_SDV4             AVERAGE_SDV5             AVERAGE_SDV9            AVERAGE_SDV10            AVERAGE_SDV11     

                   0.                       0.                       0.                       0.                       0.                       0.                       0.            
                 120.                       6.2654438                5.24794006               1.01639533             799.397461E-03           669.652588E-03           129.680573E-03  
                 600.                       9.00845432               7.60000134               1.40855169               1.14923584             969.487305E-03           179.68222E-03   
                   1.79999995E+03           9.16681385               7.73499537               1.43091428               1.16947401             986.765808E-03           182.614838E-03  
                   7.19999981E+03           9.16681957               7.73528767               1.43091428               1.16948259             986.767395E-03           182.614838E-03  




