
                     X                   AVERAGE_SDV3             AVERAGE_SDV4             AVERAGE_SDV5             AVERAGE_SDV9            AVERAGE_SDV10            AVERAGE_SDV11     

                   0.                       0.                       0.                       0.                       0.                       0.                       0.            
                 120.                       4.11050177               3.40237832             708.339722E-03           524.394287E-03           434.047668E-03            90.3678513E-03 
                 600.                       6.93220139               5.82185173               1.11203432             884.625427E-03           742.664246E-03           141.871231E-03  
                   1.79999995E+03           8.55658531               7.21404409               1.34399056               1.0917567              920.147583E-03           171.48201E-03   
                   7.19999981E+03           8.75276947               7.3866291                1.37218189               1.11716628             941.778931E-03           175.134567E-03  




