
                     X                   AVERAGE_SDV3             AVERAGE_SDV4             AVERAGE_SDV5             AVERAGE_SDV9            AVERAGE_SDV10            AVERAGE_SDV11     

                   0.                       0.                       0.                       0.                       0.                       0.                       0.            
                 120.                       3.83211851               3.16277957             668.389771E-03           488.78067E-03            403.547302E-03            85.2822723E-03 
                 600.                       6.27061844               5.25170279               1.01701832             799.878052E-03           670.035828E-03           129.768112E-03  
                   1.79999995E+03           8.41937256               7.09405327               1.32409322               1.07413208             905.014771E-03           168.970886E-03  
                   7.19999981E+03           9.05839825               7.64061642               1.41508758               1.15546489             974.665588E-03           180.609756E-03  




