
                     X                   AVERAGE_SDV3             AVERAGE_SDV4             AVERAGE_SDV5             AVERAGE_SDV9            AVERAGE_SDV10            AVERAGE_SDV11     

                   0.                       0.                       0.                       0.                       0.                       0.                       0.            
                 120.                       5.79672146               4.8474493              949.411438E-03           739.70575E-03            618.375061E-03           121.131134E-03  
                 600.                       8.31989765               7.00996494               1.31012082               1.06143951             894.28186E-03            167.135956E-03  
                   1.79999995E+03           8.46598721               7.13645458               1.33090901               1.0797683              910.131592E-03           169.784958E-03  
                   7.19999981E+03           8.46605015               7.13645554               1.33090937               1.07976985             910.131836E-03           169.784973E-03  




