
                     X                   AVERAGE_SDV3             AVERAGE_SDV4             AVERAGE_SDV5             AVERAGE_SDV9            AVERAGE_SDV10            AVERAGE_SDV11     

                   0.                       0.                       0.                       0.                       0.                       0.                       0.            
                 120.                       4.01992893               3.32402563             695.308167E-03           512.692139E-03           424.11087E-03             88.6669846E-03 
                 600.                       6.25692177               5.23993158               1.01509166             798.120544E-03           668.550659E-03           129.475418E-03  
                   1.79999995E+03           8.83094883               7.4464736                1.38322556               1.12649691             950.162415E-03           176.425003E-03  
                   7.19999981E+03          10.2283344                8.64420795               1.58304298               1.30502033               1.10300565             201.891602E-03  




