
                     X                   AVERAGE_SDV3             AVERAGE_SDV4             AVERAGE_SDV5             AVERAGE_SDV9            AVERAGE_SDV10            AVERAGE_SDV11     

                   0.                       0.                       0.                       0.                       0.                       0.                       0.            
                 120.                       3.65856934               3.01476884             643.727722E-03           466.710144E-03           384.698883E-03            82.1026306E-03 
                 600.                       5.53600931               4.62450218             912.307129E-03           706.2724E-03             589.764954E-03           116.366142E-03  
                   1.79999995E+03           7.90892553               6.65851927               1.25146806               1.00910091             849.316284E-03           159.643478E-03  
                   7.19999981E+03           9.52719402               8.0451107                1.48268235               1.21537352               1.02619529             189.131424E-03  




