
                     X                   AVERAGE_SDV3             AVERAGE_SDV4             AVERAGE_SDV5             AVERAGE_SDV9            AVERAGE_SDV10            AVERAGE_SDV11     

                   0.                       0.                       0.                       0.                       0.                       0.                       0.            
                 120.                       4.2209301                3.49619913             723.847961E-03           538.433838E-03           446.049377E-03            92.3471909E-03 
                 600.                       6.73547363               5.65169287               1.08374763             859.339417E-03           721.043152E-03           138.249496E-03  
                   1.79999995E+03           9.33562851               7.88126087               1.45537138               1.19123054               1.0054661              185.707382E-03  
                   7.19999981E+03          10.4372959                8.82393169               1.61271572               1.33169317               1.12568116             205.722382E-03  




