
                     X                   AVERAGE_SDV3             AVERAGE_SDV4             AVERAGE_SDV5             AVERAGE_SDV9            AVERAGE_SDV10            AVERAGE_SDV11     

                   0.                       0.                       0.                       0.                       0.                       0.                       0.            
                 120.                       4.17312956               3.45581937             717.056946E-03           532.359558E-03           440.866669E-03            91.4604492E-03 
                 600.                       5.72363806               4.78261805             938.63031E-03            729.870605E-03           610.145264E-03           119.756622E-03  
                   1.79999995E+03           8.21284294               6.91749477               1.29505122               1.04775095             882.524353E-03           165.200745E-03  
                   7.19999981E+03          11.3982687                9.6466608                1.74985838               1.45405376               1.23087645             223.201691E-03  




