
                     X                   AVERAGE_SDV3             AVERAGE_SDV4             AVERAGE_SDV5             AVERAGE_SDV9            AVERAGE_SDV10            AVERAGE_SDV11     

                   0.                       0.                       0.                       0.                       0.                       0.                       0.            
                 120.                       4.04568052               3.34715772             698.938782E-03           516.123779E-03           427.070801E-03            89.187973E-03  
                 600.                       6.35862112               5.32935905               1.02969587             811.232117E-03           679.810242E-03           131.370102E-03  
                   1.79999995E+03           8.9184351                7.52363348               1.39547467               1.13772309             959.722595E-03           178.040863E-03  
                   7.19999981E+03          10.1856375                8.60904694               1.57653582               1.29923368               1.09828186             201.138885E-03  




