
                     X                   AVERAGE_SDV3             AVERAGE_SDV4             AVERAGE_SDV5             AVERAGE_SDV9            AVERAGE_SDV10            AVERAGE_SDV11     

                   0.                       0.                       0.                       0.                       0.                       0.                       0.            
                 120.                       4.02149248               3.32541299             695.489197E-03           513.10553E-03            424.279633E-03            88.7163315E-03 
                 600.                       6.26328993               5.24631548               1.01588476             798.822449E-03           669.37146E-03            129.619843E-03  
                   1.79999995E+03           8.83833599               7.45227861               1.38389623               1.12735057             950.920227E-03           176.552933E-03  
                   7.19999981E+03          10.2280331                8.64368916               1.58268607               1.30494487               1.10296631             201.882523E-03  




