
                     X                   AVERAGE_SDV3             AVERAGE_SDV4             AVERAGE_SDV5             AVERAGE_SDV9            AVERAGE_SDV10            AVERAGE_SDV11     

                   0.                       0.                       0.                       0.                       0.                       0.                       0.            
                 120.                       4.29181051               3.5574472              734.15094E-03            547.60199E-03            453.883789E-03            93.6780548E-03 
                 600.                       7.08122873               5.9470787                1.13290906             903.376831E-03           758.777832E-03           144.556763E-03  
                   1.79999995E+03           9.41047096               7.94313145               1.46567976               1.20033121               1.0133009              187.00824E-03   
                   7.19999981E+03          10.0271845                8.46908569               1.5537771                1.27863336               1.08058035             198.233429E-03  




