
                     X                   AVERAGE_SDV3             AVERAGE_SDV4             AVERAGE_SDV5             AVERAGE_SDV9            AVERAGE_SDV10            AVERAGE_SDV11     

                   0.                       0.                       0.                       0.                       0.                       0.                       0.            
                 120.                       5.40655422               4.51253891             893.743408E-03           689.853027E-03           575.680969E-03           114.001671E-03  
                 600.                       9.13029957               7.70281076               1.4259758                1.16451561             982.61853E-03            181.914444E-03  
                   1.79999995E+03          10.6910973                9.03990173               1.64884543               1.36383259               1.15327775             210.366486E-03  
                   7.19999981E+03          10.7900667                9.12576866               1.66378617               1.37629128               1.16416144             212.266663E-03  




