
                     X                   AVERAGE_SDV3             AVERAGE_SDV4             AVERAGE_SDV5             AVERAGE_SDV9            AVERAGE_SDV10            AVERAGE_SDV11     

                   0.                       0.                       0.                       0.                       0.                       0.                       0.            
                 120.                       4.7742672                3.97185826             803.517395E-03           609.242981E-03           506.877289E-03           102.475655E-03  
                 600.                       7.89268351               6.6427474                1.24915886               1.00694644             847.651855E-03           159.36116E-03   
                   1.79999995E+03          10.4820766                8.86275864               1.61920464               1.33737767               1.13087761             206.544815E-03  
                   7.19999981E+03          11.1568613                9.44034863               1.7153089                1.42316127               1.20461082             218.84668E-03   




