
                     X                   AVERAGE_SDV3             AVERAGE_SDV4             AVERAGE_SDV5             AVERAGE_SDV9            AVERAGE_SDV10            AVERAGE_SDV11     

                   0.                       0.                       0.                       0.                       0.                       0.                       0.            
                 120.                       5.41282797               4.51779795             894.546936E-03           690.476746E-03           576.308777E-03           114.115578E-03  
                 600.                       8.26463127               6.9622016                1.30226266               1.05422366             888.069397E-03           166.113922E-03  
                   1.79999995E+03           8.57808018               7.23361349               1.34749234               1.09412432             922.318359E-03           171.873962E-03  
                   7.19999981E+03           8.58048534               7.23413229               1.34758699               1.0941695              922.356689E-03           171.875534E-03  




