
                     X                   AVERAGE_SDV3             AVERAGE_SDV4             AVERAGE_SDV5             AVERAGE_SDV9            AVERAGE_SDV10            AVERAGE_SDV11     

                   0.                       0.                       0.                       0.                       0.                       0.                       0.            
                 120.                       4.04005003               3.34243226             698.163208E-03           515.421387E-03           426.421692E-03            89.0935211E-03 
                 600.                       6.34959269               5.32138014               1.02840793             809.941345E-03           678.902649E-03           131.211609E-03  
                   1.79999995E+03           8.90663624               7.51321793               1.39413762               1.13622332             958.343384E-03           177.850098E-03  
                   7.19999981E+03          10.1724091                8.59822941               1.57494748               1.29791892               1.0967859              200.915894E-03  




