
                     X                   AVERAGE_SDV3             AVERAGE_SDV4             AVERAGE_SDV5             AVERAGE_SDV9            AVERAGE_SDV10            AVERAGE_SDV11     

                   0.                       0.                       0.                       0.                       0.                       0.                       0.            
                 120.                       5.81357622               4.86212111             951.890259E-03           741.801208E-03           620.341187E-03           121.464874E-03  
                 600.                       9.09749889               7.67666197               1.4214586                1.1606915              979.543091E-03           181.355118E-03  
                   1.79999995E+03           9.56388569               8.0775547                1.48821068               1.22012806               1.03054833             189.890915E-03  
                   7.19999981E+03           9.56503391               8.07919598               1.4883008                1.22027791               1.03113711             189.933594E-03  




