
                     X                   AVERAGE_SDV3             AVERAGE_SDV4             AVERAGE_SDV5             AVERAGE_SDV9            AVERAGE_SDV10            AVERAGE_SDV11     

                   0.                       0.                       0.                       0.                       0.                       0.                       0.            
                 120.                       4.93546247               4.10898972             826.066711E-03           629.718811E-03           524.320557E-03           105.384666E-03  
                 600.                       8.35075665               7.03676319               1.31447411               1.06529975             897.584412E-03           167.674698E-03  
                   1.79999995E+03          10.2259655                8.64341164               1.58257031               1.30467188               1.10255837             201.855362E-03  
                   7.19999981E+03          10.4369202                8.8232832                1.61241198               1.33169758               1.12531185             205.60173E-03   




