
                     X                   AVERAGE_SDV3             AVERAGE_SDV4             AVERAGE_SDV5             AVERAGE_SDV9            AVERAGE_SDV10            AVERAGE_SDV11     

                   0.                       0.                       0.                       0.                       0.                       0.                       0.            
                 120.                       5.55221224               4.63696861             914.533936E-03           708.326538E-03           591.642639E-03           116.662636E-03  
                 600.                       8.39222527               7.0715127                1.32057834               1.07063961             902.169861E-03           168.454773E-03  
                   1.79999995E+03           8.673563                 7.31252384               1.36045897               1.10640097             933.180054E-03           173.56488E-03   
                   7.19999981E+03           8.67438698               7.31256104               1.36048436               1.10675275             933.210999E-03           173.660828E-03  




