
                     X                   AVERAGE_SDV3             AVERAGE_SDV4             AVERAGE_SDV5             AVERAGE_SDV9            AVERAGE_SDV10            AVERAGE_SDV11     

                   0.                       0.                       0.                       0.                       0.                       0.                       0.            
                 120.                       4.25827456               3.52935553             729.317017E-03           543.295654E-03           450.294434E-03            93.0424576E-03 
                 600.                       7.01927853               5.89476061               1.12418973             895.467651E-03           752.049561E-03           143.411224E-03  
                   1.79999995E+03           9.34212208               7.88508415               1.45619655               1.19172812               1.00592279             185.753906E-03  
                   7.19999981E+03           9.96633148               8.41945744               1.54488325               1.27090251               1.07416785             197.144913E-03  




