
                     X                   AVERAGE_SDV3             AVERAGE_SDV4             AVERAGE_SDV5             AVERAGE_SDV9            AVERAGE_SDV10            AVERAGE_SDV11     

                   0.                       0.                       0.                       0.                       0.                       0.                       0.            
                 120.                       4.03262472               3.3357563              697.023071E-03           514.536194E-03           425.583618E-03            88.92453E-03   
                 600.                       6.34308147               5.31456709               1.02753317             809.117249E-03           678.113831E-03           131.089447E-03  
                   1.79999995E+03           8.89146137               7.4989233                1.39153314               1.13402486             956.62561E-03            177.524139E-03  
                   7.19999981E+03          10.1395969                8.56881237               1.57006788               1.2935468                1.09315681             200.326889E-03  




