
                     X                   AVERAGE_SDV3             AVERAGE_SDV4             AVERAGE_SDV5             AVERAGE_SDV9            AVERAGE_SDV10            AVERAGE_SDV11     

                   0.                       0.                       0.                       0.                       0.                       0.                       0.            
                 120.                       5.14648962               4.29077625             856.605957E-03           656.57373E-03            547.323547E-03           109.271667E-03  
                 600.                       7.62917614               6.41928101               1.21146572             973.440491E-03           818.889343E-03           154.583344E-03  
                   1.79999995E+03           7.83144712               6.59346628               1.2407527              999.588013E-03           841.271851E-03           158.224823E-03  
                   7.19999981E+03           7.83153915               6.59352398               1.24075961             999.62207E-03            841.276306E-03           158.237701E-03  




