
                     X                   AVERAGE_SDV3             AVERAGE_SDV4             AVERAGE_SDV5             AVERAGE_SDV9            AVERAGE_SDV10            AVERAGE_SDV11     

                   0.                       0.                       0.                       0.                       0.                       0.                       0.            
                 120.                       5.36570215               4.47742271             887.830933E-03           684.58429E-03            571.350159E-03           113.258171E-03  
                 600.                       8.14588356               6.86063528               1.28512263               1.03907597             875.077881E-03           163.961029E-03  
                   1.79999995E+03           8.43661594               7.10907125               1.32679105               1.07593131             906.593567E-03           169.269287E-03  
                   7.19999981E+03           8.43683338               7.10932255               1.32680607               1.07595181             906.661255E-03           169.272034E-03  




