
                     X                   AVERAGE_SDV3             AVERAGE_SDV4             AVERAGE_SDV5             AVERAGE_SDV9            AVERAGE_SDV10            AVERAGE_SDV11     

                   0.                       0.                       0.                       0.                       0.                       0.                       0.            
                 120.                       4.01771641               3.32224631             694.776367E-03           512.549988E-03           423.759735E-03            88.6417236E-03 
                 600.                       6.24776363               5.23358202               1.01376045             796.948059E-03           667.670044E-03           129.336487E-03  
                   1.79999995E+03           8.82266235               7.43875408               1.38185978               1.12544703             949.10675E-03            176.260895E-03  
                   7.19999981E+03          10.2309923                8.64662743               1.58319235               1.30523586               1.10321116             201.936111E-03  




