
                     X                   AVERAGE_SDV3             AVERAGE_SDV4             AVERAGE_SDV5             AVERAGE_SDV9            AVERAGE_SDV10            AVERAGE_SDV11     

                   0.                       0.                       0.                       0.                       0.                       0.                       0.            
                 120.                       4.26192188               3.53061867             729.582458E-03           543.522339E-03           450.43277E-03             93.0984192E-03 
                 600.                       7.02325869               5.89746284               1.12476814             895.93457E-03            752.462708E-03           143.504944E-03  
                   1.79999995E+03           9.34587669               7.88870096               1.45676279               1.19227302               1.0063442              185.844772E-03  
                   7.19999981E+03           9.96834373               8.42036247               1.5458231                1.27129269               1.07423341             197.220032E-03  




