
                     X                   AVERAGE_SDV3             AVERAGE_SDV4             AVERAGE_SDV5             AVERAGE_SDV9            AVERAGE_SDV10            AVERAGE_SDV11     

                   0.                       0.                       0.                       0.                       0.                       0.                       0.            
                 120.                       5.80942106               4.85857582             951.295471E-03           741.157227E-03           619.804688E-03           121.349884E-03  
                 600.                       9.01663685               7.60728884               1.4097017                1.15012527             970.437134E-03           179.86145E-03   
                   1.79999995E+03           9.43658066               7.96725512               1.46896577               1.20335102               1.01590192             187.487595E-03  
                   7.19999981E+03           9.43745232               7.96851826               1.46906698               1.20348847               1.01605558             187.499954E-03  




