
                     X                   AVERAGE_SDV3             AVERAGE_SDV4             AVERAGE_SDV5             AVERAGE_SDV9            AVERAGE_SDV10            AVERAGE_SDV11     

                   0.                       0.                       0.                       0.                       0.                       0.                       0.            
                 120.                       4.02030277               3.32409644             695.356384E-03           512.921021E-03           424.156281E-03            88.6821442E-03 
                 600.                       6.25717926               5.24295282               1.01528955             798.343872E-03           668.829956E-03           129.525543E-03  
                   1.79999995E+03           8.83074665               7.44764233               1.38327074               1.12649536             950.088928E-03           176.482544E-03  
                   7.19999981E+03          10.2257748                8.64309978               1.58262718               1.30432796               1.10267377             201.869568E-03  




