
                     X                   AVERAGE_SDV3             AVERAGE_SDV4             AVERAGE_SDV5             AVERAGE_SDV9            AVERAGE_SDV10            AVERAGE_SDV11     

                   0.                       0.                       0.                       0.                       0.                       0.                       0.            
                 120.                       4.22793198               3.50288677             724.931946E-03           539.438171E-03           446.932373E-03            92.4919434E-03 
                 600.                       6.76883936               5.67955589               1.08829296             863.342468E-03           724.597656E-03           138.839294E-03  
                   1.79999995E+03           9.35518646               7.89821243               1.45790124               1.19336307               1.00748527             186.056046E-03  
                   7.19999981E+03          10.4112625                8.80381012               1.60925007               1.32824194               1.12299812             205.26799E-03   




