
                     X                   AVERAGE_SDV3             AVERAGE_SDV4             AVERAGE_SDV5             AVERAGE_SDV9            AVERAGE_SDV10            AVERAGE_SDV11     

                   0.                       0.                       0.                       0.                       0.                       0.                       0.            
                 120.                       5.49452686               4.58835316             906.127197E-03           700.952393E-03           585.245972E-03           115.596588E-03  
                 600.                       8.24901009               6.95062065               1.29999447               1.05254948             886.466675E-03           165.849503E-03  
                   1.79999995E+03           8.5025444                7.16999865               1.3361944                1.08505559             914.17926E-03            170.449173E-03  
                   7.19999981E+03           8.50279903               7.17088223               1.33621967               1.08551276             914.188477E-03           170.452225E-03  




