
                     X                   AVERAGE_SDV3             AVERAGE_SDV4             AVERAGE_SDV5             AVERAGE_SDV9            AVERAGE_SDV10            AVERAGE_SDV11     

                   0.                       0.                       0.                       0.                       0.                       0.                       0.            
                 120.                       8.34768295               7.03292322               1.31402755               1.06498027             897.257935E-03           167.641266E-03  
                 600.                      12.0078316               10.1703272                1.83686864               1.53192985               1.29733276             234.336578E-03  
                   1.79999995E+03          12.2182903               10.3464556                1.86710739               1.55859149               1.32031631             238.188889E-03  
                   7.19999981E+03          12.2182913               10.3464642                1.86712587               1.55859256               1.32031703             238.189026E-03  




