
                     X                   AVERAGE_SDV3             AVERAGE_SDV4             AVERAGE_SDV5             AVERAGE_SDV9            AVERAGE_SDV10            AVERAGE_SDV11     

                   0.                       0.                       0.                       0.                       0.                       0.                       0.            
                 120.                       4.7626667                3.96089911             801.556458E-03           607.553772E-03           505.288605E-03           102.267426E-03  
                 600.                       8.04143524               6.77045536               1.27011251               1.02564704             863.892517E-03           162.020676E-03  
                   1.79999995E+03          10.0158062                8.4622364                1.55230784               1.27755439               1.07965302             198.023117E-03  
                   7.19999981E+03          10.2806702                8.68767071               1.5898577                1.31141067               1.10895908             202.773239E-03  




