
                     X                   AVERAGE_SDV3             AVERAGE_SDV4             AVERAGE_SDV5             AVERAGE_SDV9            AVERAGE_SDV10            AVERAGE_SDV11     

                   0.                       0.                       0.                       0.                       0.                       0.                       0.            
                 120.                       4.02412987               3.32886314             695.954224E-03           513.413269E-03           424.597412E-03            88.7815475E-03 
                 600.                       6.2692132                5.25085926               1.01688409             799.671509E-03           669.987671E-03           129.70224E-03   
                   1.79999995E+03           8.84298038               7.45790911               1.38488817               1.12823164             951.589783E-03           176.641739E-03  
                   7.19999981E+03          10.2324877                8.64726639               1.58336627               1.30536747               1.10334277             201.953369E-03  




