
                     X                   AVERAGE_SDV3             AVERAGE_SDV4             AVERAGE_SDV5             AVERAGE_SDV9            AVERAGE_SDV10            AVERAGE_SDV11     

                   0.                       0.                       0.                       0.                       0.                       0.                       0.            
                 120.                       6.76625681               5.67805195               1.0880568              863.098755E-03           724.36261E-03            138.806076E-03  
                 600.                       9.7806654                8.26188755               1.51899469               1.24774098               1.05403626             193.778625E-03  
                   1.79999995E+03           9.96803188               8.42020798               1.54572725               1.27098107               1.07421863             197.154144E-03  
                   7.19999981E+03           9.96803856               8.42021942               1.54572797               1.27098131               1.07421875             197.154236E-03  




