
                     X                   AVERAGE_SDV3             AVERAGE_SDV4             AVERAGE_SDV5             AVERAGE_SDV9            AVERAGE_SDV10            AVERAGE_SDV11     

                   0.                       0.                       0.                       0.                       0.                       0.                       0.            
                 120.                       7.14293194               6.00072956               1.14174008             911.298889E-03           765.642334E-03           145.681152E-03  
                 600.                      11.2532349                9.52626801               1.72901464               1.43593466               1.21500516             220.600128E-03  
                   1.79999995E+03          11.8724775               10.0538177                1.81686926               1.51457918               1.28225613             231.87735E-03   
                   7.19999981E+03          11.8749676               10.0597143                1.81723976               1.51533592               1.28263581             231.932007E-03  




