
                     X                   AVERAGE_SDV3             AVERAGE_SDV4             AVERAGE_SDV5             AVERAGE_SDV9            AVERAGE_SDV10            AVERAGE_SDV11     

                   0.                       0.                       0.                       0.                       0.                       0.                       0.            
                 120.                       4.4807806                3.72053814             761.365234E-03           571.590088E-03           474.545105E-03            97.1169739E-03 
                 600.                       7.36486483               6.19034386               1.17383504             939.674072E-03           789.857422E-03           149.722946E-03  
                   1.79999995E+03           9.86189461               8.33041763               1.53046906               1.25802743               1.06282413             195.23172E-03   
                   7.19999981E+03          10.5715446                8.93911171               1.63253212               1.34872556               1.14063179             208.137909E-03  




