
                     X                   AVERAGE_SDV3             AVERAGE_SDV4             AVERAGE_SDV5             AVERAGE_SDV9            AVERAGE_SDV10            AVERAGE_SDV11     

                   0.                       0.                       0.                       0.                       0.                       0.                       0.            
                 120.                       4.21892595               3.49476242             723.785156E-03           538.075867E-03           445.910614E-03            92.3086929E-03 
                 600.                       6.72075987               5.64020109               1.08166683             857.500916E-03           719.616455E-03           137.977371E-03  
                   1.79999995E+03           9.32922935               7.87560129               1.4545846                1.19030678               1.00486445             185.560211E-03  
                   7.19999981E+03          10.451807                 8.83882999               1.61479735               1.33346105               1.12741423             206.020859E-03  




