
                     X                   AVERAGE_SDV3             AVERAGE_SDV4             AVERAGE_SDV5             AVERAGE_SDV9            AVERAGE_SDV10            AVERAGE_SDV11     

                   0.                       0.                       0.                       0.                       0.                       0.                       0.            
                 120.                       4.01996469               3.32396364             695.251709E-03           512.71936E-03            424.141479E-03            88.6781845E-03 
                 600.                       6.25645447               5.23941278               1.0150224              798.064697E-03           668.52356E-03            129.464188E-03  
                   1.79999995E+03           8.83047009               7.44626617               1.38314044               1.12644589             950.108032E-03           176.424057E-03  
                   7.19999981E+03          10.2288942                8.64494133               1.58308291               1.3050983                1.10311007             201.922012E-03  




