
                     X                   AVERAGE_SDV3             AVERAGE_SDV4             AVERAGE_SDV5             AVERAGE_SDV9            AVERAGE_SDV10            AVERAGE_SDV11     

                   0.                       0.                       0.                       0.                       0.                       0.                       0.            
                 120.                       3.93198752               3.248981               682.795898E-03           501.661591E-03           414.440979E-03            87.0915756E-03 
                 600.                       6.46786499               5.42238808               1.04557228             825.269287E-03           691.858582E-03           133.37767E-03   
                   1.79999995E+03           7.15938616               6.01585102               1.14440835             913.622437E-03           767.471558E-03           145.99292E-03   
                   7.19999981E+03           7.17602921               6.03148603               1.14714074             916.009155E-03           769.533142E-03           146.334305E-03  




