
                     X                   AVERAGE_SDV3             AVERAGE_SDV4             AVERAGE_SDV5             AVERAGE_SDV9            AVERAGE_SDV10            AVERAGE_SDV11     

                   0.                       0.                       0.                       0.                       0.                       0.                       0.            
                 120.                       6.6405077                5.5714283                1.07026494             847.378052E-03           710.742065E-03           136.532944E-03  
                 600.                      10.7899485                9.12810898               1.66333747               1.3767519                1.16457808             212.186615E-03  
                   1.79999995E+03          11.6779509                9.89068127               1.79030788               1.49023151               1.26175892             228.36116E-03   
                   7.19999981E+03          11.6900444                9.90550613               1.79275727               1.4921689                1.26312125             228.611343E-03  




