
                     X                   AVERAGE_SDV3             AVERAGE_SDV4             AVERAGE_SDV5             AVERAGE_SDV9            AVERAGE_SDV10            AVERAGE_SDV11     

                   0.                       0.                       0.                       0.                       0.                       0.                       0.            
                 120.                       4.03217316               3.3355391              696.953247E-03           514.410217E-03           425.584045E-03            88.9343948E-03 
                 600.                       6.3246665                5.29777384               1.02462351             806.711792E-03           676.034424E-03           130.730835E-03  
                   1.79999995E+03           8.88286304               7.49186945               1.39048314               1.13304484             955.719177E-03           177.380615E-03  
                   7.19999981E+03          10.1748438                8.6008625                1.57540274               1.2981745                1.09710813             200.9561E-03    




