
                     X                   AVERAGE_SDV3             AVERAGE_SDV4             AVERAGE_SDV5             AVERAGE_SDV9            AVERAGE_SDV10            AVERAGE_SDV11     

                   0.                       0.                       0.                       0.                       0.                       0.                       0.            
                 120.                       4.04239893               3.34456778             698.393982E-03           515.767822E-03           426.610748E-03            89.1203995E-03 
                 600.                       6.35448074               5.32637167               1.02921188             810.71936E-03            679.30249E-03            131.30896E-03   
                   1.79999995E+03           8.91029835               7.51679277               1.39468527               1.13691437             958.859558E-03           177.948105E-03  
                   7.19999981E+03          10.1721706                8.5980978                1.57491291               1.29790318               1.09668803             200.908829E-03  




