
                     X                   AVERAGE_SDV3             AVERAGE_SDV4             AVERAGE_SDV5             AVERAGE_SDV9            AVERAGE_SDV10            AVERAGE_SDV11     

                   0.                       0.                       0.                       0.                       0.                       0.                       0.            
                 120.                       5.80663157               4.85570717             950.878174E-03           740.721497E-03           619.537048E-03           121.293396E-03  
                 600.                       8.33372021               7.02056503               1.31194603               1.06317294             895.707153E-03           167.358185E-03  
                   1.79999995E+03           8.47943592               7.14377308               1.33231139               1.0817076              911.71344E-03            169.961792E-03  
                   7.19999981E+03           8.47947598               7.14377356               1.33231151               1.0817076              911.717896E-03           169.962189E-03  




