
                     X                   AVERAGE_SDV3             AVERAGE_SDV4             AVERAGE_SDV5             AVERAGE_SDV9            AVERAGE_SDV10            AVERAGE_SDV11     

                   0.                       0.                       0.                       0.                       0.                       0.                       0.            
                 120.                       5.80738735               4.85695505             951.016235E-03           740.766418E-03           619.403809E-03           121.318398E-03  
                 600.                       8.81478786               7.43471384               1.38092458               1.1246568              948.407715E-03           176.178925E-03  
                   1.79999995E+03           9.12510109               7.70228577               1.42562389               1.16409445             982.407532E-03           181.784821E-03  
                   7.19999981E+03           9.12519455               7.70275974               1.42571473               1.16413796             982.481567E-03           181.793243E-03  




