
                     X                   AVERAGE_SDV3             AVERAGE_SDV4             AVERAGE_SDV5             AVERAGE_SDV9            AVERAGE_SDV10            AVERAGE_SDV11     

                   0.                       0.                       0.                       0.                       0.                       0.                       0.            
                 120.                       7.72517967               6.49981976               1.22477293             985.351746E-03           829.316101E-03           156.2686E-03    
                 600.                      11.5194969                9.75393867               1.76706457               1.46985662               1.24416554             225.441956E-03  
                   1.79999995E+03          11.8415031               10.0285568                1.81250954               1.51060474               1.27872455             231.325806E-03  
                   7.19999981E+03          11.8417082               10.0288324                1.81251538               1.51071489               1.27873242             231.326981E-03  




