
                     X                   AVERAGE_SDV3             AVERAGE_SDV4             AVERAGE_SDV5             AVERAGE_SDV9            AVERAGE_SDV10            AVERAGE_SDV11     

                   0.                       0.                       0.                       0.                       0.                       0.                       0.            
                 120.                       4.02027464               3.324229               695.326294E-03           512.91272E-03            424.150513E-03            88.6950531E-03 
                 600.                       6.25723648               5.24318218               1.01539743             798.399292E-03           668.845886E-03           129.53244E-03   
                   1.79999995E+03           8.83100414               7.447855                 1.38326466               1.12652791             950.117859E-03           176.480408E-03  
                   7.19999981E+03          10.2253885                8.64255333               1.58256984               1.30413556               1.10256124             201.854553E-03  




