
                     X                   AVERAGE_SDV3             AVERAGE_SDV4             AVERAGE_SDV5             AVERAGE_SDV9            AVERAGE_SDV10            AVERAGE_SDV11     

                   0.                       0.                       0.                       0.                       0.                       0.                       0.            
                 120.                       3.94921589               3.26358056             685.076355E-03           503.7771E-03             416.479553E-03            87.3892517E-03 
                 600.                       5.18392181               4.32237148             861.660828E-03           661.4151E-03             551.338928E-03           109.933693E-03  
                   1.79999995E+03           7.32956171               6.15985155               1.16817629             934.898132E-03           785.681152E-03           149.032043E-03  
                   7.19999981E+03          10.7105284                9.05833435               1.65145957               1.36605954               1.1552726              210.671143E-03  




