
                     X                   AVERAGE_SDV3             AVERAGE_SDV4             AVERAGE_SDV5             AVERAGE_SDV9            AVERAGE_SDV10            AVERAGE_SDV11     

                   0.                       0.                       0.                       0.                       0.                       0.                       0.            
                 120.                       4.01802158               3.32350087             695.150452E-03           512.610229E-03           424.022034E-03            88.6646652E-03 
                 600.                       6.25267458               5.23677921               1.01465678             797.460815E-03           668.166565E-03           129.413849E-03  
                   1.79999995E+03           8.82822227               7.44338512               1.38279605               1.12612689             949.763184E-03           176.358063E-03  
                   7.19999981E+03          10.2287703                8.64457989               1.58306611               1.30508757               1.10309625             201.906876E-03  




