
                     X                   AVERAGE_SDV3             AVERAGE_SDV4             AVERAGE_SDV5             AVERAGE_SDV9            AVERAGE_SDV10            AVERAGE_SDV11     

                   0.                       0.                       0.                       0.                       0.                       0.                       0.            
                 120.                       5.27578163               4.40054083             875.069641E-03           672.992126E-03           561.291382E-03           111.61525E-03   
                 600.                       8.14061451               6.85539341               1.2845391                1.03845322             874.662048E-03           163.895035E-03  
                   1.79999995E+03           8.49601841               7.15766478               1.3353883                1.08363605             913.485596E-03           170.363007E-03  
                   7.19999981E+03           8.49734974               7.15937948               1.33565485               1.08373082             913.671997E-03           170.37793E-03   




