
                     X                   AVERAGE_SDV3             AVERAGE_SDV4             AVERAGE_SDV5             AVERAGE_SDV9            AVERAGE_SDV10            AVERAGE_SDV11     

                   0.                       0.                       0.                       0.                       0.                       0.                       0.            
                 120.                       3.85314441               3.18163061             671.329468E-03           491.433716E-03           405.802582E-03            85.6288605E-03 
                 600.                       5.24455261               4.37505341             870.501953E-03           669.172363E-03           558.096375E-03           111.075241E-03  
                   1.79999995E+03           7.51135206               6.3185339                1.19463158             958.47937E-03            805.988464E-03           152.412766E-03  
                   7.19999981E+03          10.5073423                8.88432407               1.62253392               1.34038115               1.13338947             206.974258E-03  




