
                     X                   AVERAGE_SDV3             AVERAGE_SDV4             AVERAGE_SDV5             AVERAGE_SDV9            AVERAGE_SDV10            AVERAGE_SDV11     

                   0.                       0.                       0.                       0.                       0.                       0.                       0.            
                 120.                       4.20689201               3.48494482             721.943542E-03           536.695312E-03           444.627106E-03            92.1147537E-03 
                 600.                       6.62614536               5.55879688               1.06806707             845.437378E-03           709.111511E-03           136.258011E-03  
                   1.79999995E+03           9.28542995               7.83634806               1.44785821               1.18448365             999.794922E-03           184.723373E-03  
                   7.19999981E+03          10.5784492                8.94564152               1.63267982               1.34953475               1.14125288             208.291199E-03  




