
                     X                   AVERAGE_SDV3             AVERAGE_SDV4             AVERAGE_SDV5             AVERAGE_SDV9            AVERAGE_SDV10            AVERAGE_SDV11     

                   0.                       0.                       0.                       0.                       0.                       0.                       0.            
                 120.                       4.78915024               3.98410654             805.374573E-03           611.007507E-03           508.291656E-03           102.767464E-03  
                 600.                       8.03997421               6.77010489               1.27018464               1.025738               863.784424E-03           162.059784E-03  
                   1.79999995E+03          10.2892561                8.69810486               1.59151649               1.31250548               1.1098125              203.06543E-03   
                   7.19999981E+03          10.6880589                9.04178143               1.64849257               1.36351633               1.15357018             210.414993E-03  




