
                     X                   AVERAGE_SDV3             AVERAGE_SDV4             AVERAGE_SDV5             AVERAGE_SDV9            AVERAGE_SDV10            AVERAGE_SDV11     

                   0.                       0.                       0.                       0.                       0.                       0.                       0.            
                 120.                       4.05973625               3.35794377             700.817322E-03           517.759277E-03           428.529083E-03            89.4353561E-03 
                 600.                       6.40310144               5.36665583               1.03598678             816.783875E-03           684.560974E-03           132.18425E-03   
                   1.79999995E+03           8.9572506                7.55606365               1.40123808               1.14263618             963.858459E-03           178.748734E-03  
                   7.19999981E+03          10.1746902                8.5997591                1.5753181                1.2980783                1.09708226             200.946442E-03  




