
                     X                   AVERAGE_SDV3             AVERAGE_SDV4             AVERAGE_SDV5             AVERAGE_SDV9            AVERAGE_SDV10            AVERAGE_SDV11     

                   0.                       0.                       0.                       0.                       0.                       0.                       0.            
                 120.                       6.01178694               5.0325737              980.201355E-03           766.99469E-03            642.037781E-03           125.030708E-03  
                 600.                       9.2029562                7.76765919               1.43664443               1.17414451             991.068237E-03           183.240906E-03  
                   1.79999995E+03           9.56250381               8.07600403               1.48807836               1.21989775               1.03013146             189.820877E-03  
                   7.19999981E+03           9.5626564                8.07658482               1.48820651               1.2199862                1.0307976              189.82605E-03   




