
                     X                   AVERAGE_SDV3             AVERAGE_SDV4             AVERAGE_SDV5             AVERAGE_SDV9            AVERAGE_SDV10            AVERAGE_SDV11     

                   0.                       0.                       0.                       0.                       0.                       0.                       0.            
                 120.                       4.0480938                3.3481431              699.369629E-03           516.330017E-03           427.169159E-03            89.2147064E-03 
                 600.                       6.38697386               5.35301304               1.03371644             814.588379E-03           682.927795E-03           131.898392E-03  
                   1.79999995E+03           8.93345261               7.53372526               1.39753628               1.13954902             961.293457E-03           178.319489E-03  
                   7.19999981E+03          10.1438322                8.57286358               1.57079971               1.29424822               1.09399581             200.410538E-03  




