
                     X                   AVERAGE_SDV3             AVERAGE_SDV4             AVERAGE_SDV5             AVERAGE_SDV9            AVERAGE_SDV10            AVERAGE_SDV11     

                   0.                       0.                       0.                       0.                       0.                       0.                       0.            
                 120.                       5.43027639               4.53192329             897.115723E-03           692.599915E-03           578.285461E-03           114.426064E-03  
                 600.                       8.2274971                6.92942286               1.2968694                1.04953372             884.187195E-03           165.414246E-03  
                   1.79999995E+03           8.5123148                7.1724968                1.33725619               1.08592677             915.550964E-03           170.578262E-03  
                   7.19999981E+03           8.51319027               7.17271996               1.33731019               1.08593798             915.602966E-03           170.580933E-03  




