
                     X                   AVERAGE_SDV3             AVERAGE_SDV4             AVERAGE_SDV5             AVERAGE_SDV9            AVERAGE_SDV10            AVERAGE_SDV11     

                   0.                       0.                       0.                       0.                       0.                       0.                       0.            
                 120.                       4.04032993               3.34150481             698.368042E-03           515.479065E-03           426.314941E-03            89.0589066E-03 
                 600.                       6.34554195               5.31755161               1.02801919             809.743896E-03           678.453369E-03           131.129547E-03  
                   1.79999995E+03           8.90487766               7.51055384               1.39398563               1.1361053              958.299255E-03           177.786041E-03  
                   7.19999981E+03          10.1769342                8.60256195               1.57585204               1.29862022               1.09754384             200.989761E-03  




