
                     X                   AVERAGE_SDV3             AVERAGE_SDV4             AVERAGE_SDV5             AVERAGE_SDV9            AVERAGE_SDV10            AVERAGE_SDV11     

                   0.                       0.                       0.                       0.                       0.                       0.                       0.            
                 120.                       3.27512002               2.68686366             589.136047E-03           417.825378E-03           342.815155E-03            75.1282578E-03 
                 600.                       5.4021492                4.50865459             893.055115E-03           689.026794E-03           575.162231E-03           113.909447E-03  
                   1.79999995E+03           7.11875153               5.98008347               1.13847768             908.243225E-03           762.858032E-03           145.219894E-03  
                   7.19999981E+03           7.54330683               6.34325647               1.19912326             962.383728E-03           808.869263E-03           152.878143E-03  




