
                     X                   AVERAGE_SDV3             AVERAGE_SDV4             AVERAGE_SDV5             AVERAGE_SDV9            AVERAGE_SDV10            AVERAGE_SDV11     

                   0.                       0.                       0.                       0.                       0.                       0.                       0.            
                 120.                       5.14377403               4.28756571             856.145874E-03           656.201721E-03           547.019409E-03           109.21611E-03   
                 600.                       7.79051638               6.55468035               1.23455107             993.921875E-03           836.294983E-03           157.488998E-03  
                   1.79999995E+03           8.06181717               6.78501558               1.27329624               1.02805161             865.635742E-03           162.434753E-03  
                   7.19999981E+03           8.06226826               6.78538847               1.27336335               1.02870369             865.669861E-03           162.451797E-03  




