
                     X                   AVERAGE_SDV3             AVERAGE_SDV4             AVERAGE_SDV5             AVERAGE_SDV9            AVERAGE_SDV10            AVERAGE_SDV11     

                   0.                       0.                       0.                       0.                       0.                       0.                       0.            
                 120.                       5.16858196               4.31180716             857.892578E-03           659.379333E-03           550.055176E-03           109.449532E-03  
                 600.                       8.72400951               7.35932636               1.36489856               1.1130625              938.953857E-03           174.109314E-03  
                   1.79999995E+03          10.2198324                8.64124393               1.57762671               1.30371249               1.10245764             201.29808E-03   
                   7.19999981E+03          10.3146782                8.7219696                1.59100175               1.31633949               1.11325645             203.097641E-03  




