
                     X                   AVERAGE_SDV3             AVERAGE_SDV4             AVERAGE_SDV5             AVERAGE_SDV9            AVERAGE_SDV10            AVERAGE_SDV11     

                   0.                       0.                       0.                       0.                       0.                       0.                       0.            
                 120.                       4.05721855               3.35567141             700.657227E-03           517.607056E-03           428.28775E-03             89.3843842E-03 
                 600.                       6.39814758               5.36417484               1.03569615             816.503662E-03           684.224731E-03           132.101547E-03  
                   1.79999995E+03           8.95024586               7.5524807                1.40034544               1.14209759             963.406189E-03           178.662582E-03  
                   7.19999981E+03          10.1685076                8.59616756               1.5742873                1.29739964               1.09642184             200.858673E-03  




