
                     X                   AVERAGE_SDV3             AVERAGE_SDV4             AVERAGE_SDV5             AVERAGE_SDV9            AVERAGE_SDV10            AVERAGE_SDV11     

                   0.                       0.                       0.                       0.                       0.                       0.                       0.            
                 120.                       5.42766094               4.5308032              896.760803E-03           692.54834E-03            578.00946E-03            114.393646E-03  
                 600.                       8.71522808               7.34853458               1.36674929               1.11193717             937.458557E-03           174.369293E-03  
                   1.79999995E+03           9.34060383               7.88431644               1.45594263               1.19177425               1.00582898             185.741013E-03  
                   7.19999981E+03           9.3462944                7.8911767                1.45703602               1.1926527                1.00641632             185.915543E-03  




