
                     X                   AVERAGE_SDV3             AVERAGE_SDV4             AVERAGE_SDV5             AVERAGE_SDV9            AVERAGE_SDV10            AVERAGE_SDV11     

                   0.                       0.                       0.                       0.                       0.                       0.                       0.            
                 120.                       4.021173                 3.32518458             695.4422E-03             513.072754E-03           424.243652E-03            88.7096558E-03 
                 600.                       6.26258516               5.24558544               1.01578104             798.713989E-03           669.105103E-03           129.599716E-03  
                   1.79999995E+03           8.83723354               7.45136499               1.38377035               1.12722588             950.554138E-03           176.538101E-03  
                   7.19999981E+03          10.2279539                8.64327717               1.58266246               1.30486107               1.10268891             201.878799E-03  




