
                     X                   AVERAGE_SDV3             AVERAGE_SDV4             AVERAGE_SDV5             AVERAGE_SDV9            AVERAGE_SDV10            AVERAGE_SDV11     

                   0.                       0.                       0.                       0.                       0.                       0.                       0.            
                 120.                       4.04043484               3.34159923             698.372803E-03           515.48291E-03            426.328064E-03            89.072464E-03  
                 600.                       6.34686279               5.31763268               1.0280323              809.754456E-03           678.468811E-03           131.139313E-03  
                   1.79999995E+03           8.90527153               7.51083183               1.39401615               1.13619387             958.323242E-03           177.800797E-03  
                   7.19999981E+03          10.1771793                8.60287952               1.575899                 1.29868758               1.09763575             201.003265E-03  




