
                     X                   AVERAGE_SDV3             AVERAGE_SDV4             AVERAGE_SDV5             AVERAGE_SDV9            AVERAGE_SDV10            AVERAGE_SDV11     

                   0.                       0.                       0.                       0.                       0.                       0.                       0.            
                 120.                       5.94089174               4.97162724             970.311035E-03           758.127502E-03           634.299072E-03           123.756584E-03  
                 600.                       9.51663494               8.03701878               1.48113143               1.21401238               1.02529585             188.978043E-03  
                   1.79999995E+03          10.1699123                8.59721279               1.57464659               1.29754484               1.09678352             200.87767E-03   
                   7.19999981E+03          10.1786537                8.60435772               1.5753293                1.29824376               1.09764946             201.060837E-03  




