
                     X                   AVERAGE_SDV3             AVERAGE_SDV4             AVERAGE_SDV5             AVERAGE_SDV9            AVERAGE_SDV10            AVERAGE_SDV11     

                   0.                       0.                       0.                       0.                       0.                       0.                       0.            
                 120.                       4.34384108               3.60234141             741.885925E-03           554.204712E-03           459.70166E-03             94.6198807E-03 
                 600.                       7.14803314               6.00420952               1.14256787             911.787292E-03           766.004517E-03           145.742813E-03  
                   1.79999995E+03           7.89703369               6.64733696               1.24970567               1.00747418             847.937927E-03           159.404755E-03  
                   7.19999981E+03           7.9182682                6.66071606               1.25269616               1.0098933              850.022339E-03           159.713409E-03  




