
                     X                   AVERAGE_SDV3             AVERAGE_SDV4             AVERAGE_SDV5             AVERAGE_SDV9            AVERAGE_SDV10            AVERAGE_SDV11     

                   0.                       0.                       0.                       0.                       0.                       0.                       0.            
                 120.                       4.04587889               3.34773755             699.028503E-03           516.198425E-03           427.04306E-03             89.1972809E-03 
                 600.                       6.37663746               5.34400892               1.03222287             813.367798E-03           681.740845E-03           131.677078E-03  
                   1.79999995E+03           8.92576122               7.52948713               1.39671242               1.13880062             960.529053E-03           178.19487E-03   
                   7.19999981E+03          10.1574574                8.58400631               1.57260287               1.29559457               1.09512174             200.643066E-03  




