
                     X                   AVERAGE_SDV3             AVERAGE_SDV4             AVERAGE_SDV5             AVERAGE_SDV9            AVERAGE_SDV10            AVERAGE_SDV11     

                   0.                       0.                       0.                       0.                       0.                       0.                       0.            
                 120.                       5.35449219               4.46907711             885.896118E-03           683.063049E-03           570.07605E-03            113.039749E-03  
                 600.                       8.97112465               7.56850004               1.40302062               1.14460766             965.445129E-03           179.030609E-03  
                   1.79999995E+03          11.5976896                9.81894875               1.77827764               1.47975898               1.25248218             226.872147E-03  
                   7.19999981E+03          12.1170769               10.2609301                1.85175443               1.54589736               1.30887091             236.321579E-03  




