
                     X                   AVERAGE_SDV3             AVERAGE_SDV4             AVERAGE_SDV5             AVERAGE_SDV9            AVERAGE_SDV10            AVERAGE_SDV11     

                   0.                       0.                       0.                       0.                       0.                       0.                       0.            
                 120.                       4.03014183               3.3332684              696.615479E-03           514.053955E-03           425.263672E-03            88.8566513E-03 
                 600.                       6.28678894               5.2671361                1.01935625             801.950439E-03           672.0401E-03             130.060974E-03  
                   1.79999995E+03           8.86137104               7.47309494               1.3873986                1.13037157             953.549377E-03           176.984253E-03  
                   7.19999981E+03          10.2295952                8.64525414               1.58290398               1.30508947               1.10311937             201.922287E-03  




