
                     X                   AVERAGE_SDV3             AVERAGE_SDV4             AVERAGE_SDV5             AVERAGE_SDV9            AVERAGE_SDV10            AVERAGE_SDV11     

                   0.                       0.                       0.                       0.                       0.                       0.                       0.            
                 120.                       5.19635773               4.33236504             863.595825E-03           662.891968E-03           552.703613E-03           110.158356E-03  
                 600.                       7.5448246                6.34662151               1.19943738             962.562073E-03           809.480774E-03           153.015625E-03  
                   1.79999995E+03           7.70007038               6.4798336                1.22143722             982.297363E-03           826.201904E-03           155.773331E-03  
                   7.19999981E+03           7.70008469               6.47983742               1.22143829             982.338135E-03           826.205017E-03           155.773407E-03  




