
                     X                   AVERAGE_SDV3             AVERAGE_SDV4             AVERAGE_SDV5             AVERAGE_SDV9            AVERAGE_SDV10            AVERAGE_SDV11     

                   0.                       0.                       0.                       0.                       0.                       0.                       0.            
                 120.                       6.28130865               5.26260376               1.01873422             801.496277E-03           671.404663E-03           129.969269E-03  
                 600.                       9.61498356               8.11977673               1.4949975                1.22693086               1.03598595             190.767426E-03  
                   1.79999995E+03           9.98968124               8.43808556               1.54801238               1.27401376               1.07666612             197.594223E-03  
                   7.19999981E+03           9.99043655               8.4383707                1.54806542               1.27453518               1.07674229             197.634109E-03  




