
                     X                   AVERAGE_SDV3             AVERAGE_SDV4             AVERAGE_SDV5             AVERAGE_SDV9            AVERAGE_SDV10            AVERAGE_SDV11     

                   0.                       0.                       0.                       0.                       0.                       0.                       0.            
                 120.                       4.42683792               3.67363048             753.572266E-03           564.855591E-03           468.617004E-03            96.1290894E-03 
                 600.                       7.32207298               6.15458345               1.16745424             934.167175E-03           785.154419E-03           148.920929E-03  
                   1.79999995E+03           9.69549561               8.18795013               1.50657988               1.23673844               1.04476845             192.205353E-03  
                   7.19999981E+03          10.2994614                8.70543957               1.59286737               1.31361175               1.11067379             203.143524E-03  




