
                     X                   AVERAGE_SDV3             AVERAGE_SDV4             AVERAGE_SDV5             AVERAGE_SDV9            AVERAGE_SDV10            AVERAGE_SDV11     

                   0.                       0.                       0.                       0.                       0.                       0.                       0.            
                 120.                       4.05747366               3.35583091             700.708252E-03           517.629211E-03           428.298309E-03            89.385788E-03  
                 600.                       6.39938545               5.36462831               1.03578758             816.667114E-03           684.278809E-03           132.123566E-03  
                   1.79999995E+03           8.95104408               7.55315638               1.40046632               1.14216924             963.450195E-03           178.669556E-03  
                   7.19999981E+03          10.1685638                8.59623146               1.57430696               1.29741311               1.09646964             200.859207E-03  




