
                     X                   AVERAGE_SDV3             AVERAGE_SDV4             AVERAGE_SDV5             AVERAGE_SDV9            AVERAGE_SDV10            AVERAGE_SDV11     

                   0.                       0.                       0.                       0.                       0.                       0.                       0.            
                 120.                       3.35300827               2.7542417              599.735229E-03           427.931396E-03           351.329559E-03            76.5049057E-03 
                 600.                       3.70430946               3.05496454             650.010986E-03           472.630554E-03           389.620026E-03            82.9326324E-03 
                   1.79999995E+03           4.4801898                3.71963882             761.36731E-03            571.726807E-03           474.624756E-03            97.1077499E-03 
                   7.19999981E+03           6.85038805               5.75154877               1.10030293             874.353943E-03           733.65741E-03            140.362228E-03  




