
                     X                   AVERAGE_SDV3             AVERAGE_SDV4             AVERAGE_SDV5             AVERAGE_SDV9            AVERAGE_SDV10            AVERAGE_SDV11     

                   0.                       0.                       0.                       0.                       0.                       0.                       0.            
                 120.                       4.02016115               3.32402539             695.320557E-03           512.908203E-03           424.141541E-03            88.6797943E-03 
                 600.                       6.25682688               5.24165916               1.01518917             798.329773E-03           668.789795E-03           129.521774E-03  
                   1.79999995E+03           8.83048916               7.44737244               1.38320768               1.12646425             950.028076E-03           176.474243E-03  
                   7.19999981E+03          10.2254267                8.64261818               1.58257389               1.30422127               1.10256803             201.863861E-03  




