
                     X                   AVERAGE_SDV3             AVERAGE_SDV4             AVERAGE_SDV5             AVERAGE_SDV9            AVERAGE_SDV10            AVERAGE_SDV11     

                   0.                       0.                       0.                       0.                       0.                       0.                       0.            
                 120.                       4.01721144               3.3221159              694.794189E-03           512.479919E-03           423.852234E-03            88.6555252E-03 
                 600.                       6.24632597               5.23082399               1.01359153             796.652893E-03           667.592712E-03           129.310959E-03  
                   1.79999995E+03           8.81976414               7.43791342               1.38152778               1.12519085             949.055847E-03           176.247971E-03  
                   7.19999981E+03          10.2314491                8.64705563               1.58331084               1.30534947               1.10331237             201.973114E-03  




