
                     X                   AVERAGE_SDV3             AVERAGE_SDV4             AVERAGE_SDV5             AVERAGE_SDV9            AVERAGE_SDV10            AVERAGE_SDV11     

                   0.                       0.                       0.                       0.                       0.                       0.                       0.            
                 120.                       3.16825175               2.59455562             573.60675E-03            404.130219E-03           331.050903E-03            73.1881866E-03 
                 600.                       5.24113798               4.37163973             870.201416E-03           668.535339E-03           557.67218E-03            110.991127E-03  
                   1.79999995E+03           6.85050297               5.74970579               1.10000825             873.767761E-03           733.607544E-03           140.34314E-03   
                   7.19999981E+03           7.21541882               6.06226254               1.15226352             920.022339E-03           773.406555E-03           146.972595E-03  




