
                     X                   AVERAGE_SDV3             AVERAGE_SDV4             AVERAGE_SDV5             AVERAGE_SDV9            AVERAGE_SDV10            AVERAGE_SDV11     

                   0.                       0.                       0.                       0.                       0.                       0.                       0.            
                 120.                       5.70814562               4.77053499             936.814453E-03           728.118408E-03           608.620361E-03           119.522301E-03  
                 600.                       8.18978024               6.89804697               1.29164028               1.04481244             880.167847E-03           164.798981E-03  
                   1.79999995E+03           8.33214664               7.01901197               1.31223226               1.06283069             895.989136E-03           167.438324E-03  
                   7.19999981E+03           8.33214951               7.01902437               1.31223297               1.06283069             895.989624E-03           167.43898E-03   




