
                     X                   AVERAGE_SDV3             AVERAGE_SDV4             AVERAGE_SDV5             AVERAGE_SDV9            AVERAGE_SDV10            AVERAGE_SDV11     

                   0.                       0.                       0.                       0.                       0.                       0.                       0.            
                 120.                       4.04139996               3.34359813             698.238403E-03           515.443909E-03           426.457886E-03            89.1092911E-03 
                 600.                       6.35203886               5.32196522               1.02867448             810.034302E-03           678.965149E-03           131.25174E-03   
                   1.79999995E+03           8.9080019                7.51409721               1.3942461                1.13639128             958.463867E-03           177.87854E-03   
                   7.19999981E+03          10.1729584                8.59849834               1.57503092               1.29793298               1.09684741             200.925034E-03  




