
                     X                   AVERAGE_SDV3             AVERAGE_SDV4             AVERAGE_SDV5             AVERAGE_SDV9            AVERAGE_SDV10            AVERAGE_SDV11     

                   0.                       0.                       0.                       0.                       0.                       0.                       0.            
                 120.                       4.05083799               3.35082626             699.700806E-03           516.662231E-03           427.4953E-03              89.25354E-03   
                 600.                       6.38502264               5.35085011               1.03349125             814.50293E-03            682.571533E-03           131.851532E-03  
                   1.79999995E+03           8.93502331               7.53738737               1.39801049               1.1397661              961.481201E-03           178.34285E-03   
                   7.19999981E+03          10.1600533                8.58627605               1.5727396                1.29582918               1.0952338              200.660431E-03  




