
                     X                   AVERAGE_SDV3             AVERAGE_SDV4             AVERAGE_SDV5             AVERAGE_SDV9            AVERAGE_SDV10            AVERAGE_SDV11     

                   0.                       0.                       0.                       0.                       0.                       0.                       0.            
                 120.                       3.59838247               2.96370173             634.697388E-03           459.142639E-03           378.077789E-03            80.9829559E-03 
                 600.                       4.23369884               3.50746965             725.601746E-03           540.138916E-03           447.436432E-03            92.5975113E-03 
                   1.79999995E+03           5.52985668               4.61879635             911.15033E-03            705.568665E-03           589.126526E-03           116.238365E-03  
                   7.19999981E+03           8.69916153               7.333529                 1.36424911               1.10977352             935.671631E-03           174.023056E-03  




