
                     X                   AVERAGE_SDV3             AVERAGE_SDV4             AVERAGE_SDV5             AVERAGE_SDV9            AVERAGE_SDV10            AVERAGE_SDV11     

                   0.                       0.                       0.                       0.                       0.                       0.                       0.            
                 120.                       4.05751133               3.35595369             700.670227E-03           517.641968E-03           428.177612E-03            89.4076462E-03 
                 600.                       6.39954329               5.36416245               1.03568864             816.4729E-03             684.214539E-03           132.119431E-03  
                   1.79999995E+03           8.95245647               7.55265331               1.40039027               1.14214087             963.418335E-03           178.689163E-03  
                   7.19999981E+03          10.1716204                8.596982                 1.57449412               1.29751134               1.09673214             200.896408E-03  




