
                     X                   AVERAGE_SDV3             AVERAGE_SDV4             AVERAGE_SDV5             AVERAGE_SDV9            AVERAGE_SDV10            AVERAGE_SDV11     

                   0.                       0.                       0.                       0.                       0.                       0.                       0.            
                 120.                       4.41264534               3.66168571             751.365906E-03           563.024048E-03           467.078094E-03            95.8715134E-03 
                 600.                       6.50744104               5.45559549               1.05086672             830.150024E-03           696.170044E-03           134.083694E-03  
                   1.79999995E+03           9.37725258               7.91508245               1.46094239               1.19642806               1.00989985             186.433075E-03  
                   7.19999981E+03          11.7761164                9.9719305                1.80358326               1.50236404               1.27225327             230.134369E-03  




