
                     X                   AVERAGE_SDV3             AVERAGE_SDV4             AVERAGE_SDV5             AVERAGE_SDV9            AVERAGE_SDV10            AVERAGE_SDV11     

                   0.                       0.                       0.                       0.                       0.                       0.                       0.            
                 120.                       2.6403439                2.14298916             497.725525E-03           336.964722E-03           273.362427E-03            63.4947929E-03 
                 600.                       2.91115451               2.37452221             536.921875E-03           371.478912E-03           302.983582E-03            68.4829483E-03 
                   1.79999995E+03           3.51098204               2.88877296             622.765015E-03           448.05249E-03            368.502197E-03            79.4343796E-03 
                   7.19999981E+03           5.34702158               4.46179008             885.302307E-03           682.239868E-03           569.124329E-03           112.941193E-03  




