
                     X                   AVERAGE_SDV3             AVERAGE_SDV4             AVERAGE_SDV5             AVERAGE_SDV9            AVERAGE_SDV10            AVERAGE_SDV11     

                   0.                       0.                       0.                       0.                       0.                       0.                       0.            
                 120.                       6.59677172               5.5333643                1.06383431             841.636902E-03           705.894043E-03           135.70842E-03   
                 600.                      10.350215                 8.75020027               1.60039949               1.32052505               1.11631465             204.121521E-03  
                   1.79999995E+03          10.8903227                9.2163868                1.67741132               1.38984275               1.17566442             213.957443E-03  
                   7.19999981E+03          10.897378                 9.21855831               1.67862868               1.39035356               1.17578709             213.996826E-03  




