
                     X                   AVERAGE_SDV3             AVERAGE_SDV4             AVERAGE_SDV5             AVERAGE_SDV9            AVERAGE_SDV10            AVERAGE_SDV11     

                   0.                       0.                       0.                       0.                       0.                       0.                       0.            
                 120.                       5.6961441                4.76134729             935.225464E-03           726.717224E-03           607.433533E-03           119.325813E-03  
                 600.                       8.19812012               6.9061327                1.29285431               1.04599392             881.019897E-03           164.920242E-03  
                   1.79999995E+03           8.34462738               7.03174734               1.31383586               1.06476188             896.97345E-03            167.61937E-03   
                   7.19999981E+03           8.3446331                7.03204632               1.3138361                1.06476283             896.973572E-03           167.619507E-03  




