
                     X                   AVERAGE_SDV3             AVERAGE_SDV4             AVERAGE_SDV5             AVERAGE_SDV9            AVERAGE_SDV10            AVERAGE_SDV11     

                   0.                       0.                       0.                       0.                       0.                       0.                       0.            
                 120.                       3.04563785               2.48964858             555.935364E-03           388.710419E-03           317.673584E-03            70.9191208E-03 
                 600.                       3.65104175               3.00751328             642.646484E-03           465.812195E-03           383.690582E-03            81.9497528E-03 
                   1.79999995E+03           4.8514657                4.03727436             814.364441E-03           618.906982E-03           515.123901E-03           103.916664E-03  
                   7.19999981E+03           7.58114815               6.37813091               1.20462835             967.153992E-03           813.737976E-03           153.691193E-03  




