
                     X                   AVERAGE_SDV3             AVERAGE_SDV4             AVERAGE_SDV5             AVERAGE_SDV9            AVERAGE_SDV10            AVERAGE_SDV11     

                   0.                       0.                       0.                       0.                       0.                       0.                       0.            
                 120.                       4.21651173               3.49241924             723.491455E-03           537.906494E-03           445.696381E-03            92.278511E-03  
                 600.                       6.71721029               5.63736391               1.08113945             857.070312E-03           718.980835E-03           137.908127E-03  
                   1.79999995E+03           9.32547283               7.87129831               1.45360696               1.18957901               1.00407481             185.45314E-03   
                   7.19999981E+03          10.4475546                8.83312702               1.61383438               1.33269083               1.1267935              205.903503E-03  




