
                     X                   AVERAGE_SDV3             AVERAGE_SDV4             AVERAGE_SDV5             AVERAGE_SDV9            AVERAGE_SDV10            AVERAGE_SDV11     

                   0.                       0.                       0.                       0.                       0.                       0.                       0.            
                 120.                       4.93734121               4.11030293             826.457825E-03           629.958435E-03           524.380432E-03           105.449455E-03  
                 600.                       7.61145067               6.40350819               1.20900261             971.174194E-03           816.968872E-03           154.234161E-03  
                   1.79999995E+03           7.94063616               6.6873517                1.25651109               1.01346231             853.289612E-03           160.246063E-03  
                   7.19999981E+03           7.94121027               6.68755531               1.25662458               1.01353765             853.411438E-03           160.295242E-03  




