
                     X                   AVERAGE_SDV3             AVERAGE_SDV4             AVERAGE_SDV5             AVERAGE_SDV9            AVERAGE_SDV10            AVERAGE_SDV11     

                   0.                       0.                       0.                       0.                       0.                       0.                       0.            
                 120.                       4.04295492               3.34495878             698.466797E-03           515.843506E-03           426.675262E-03            89.1283264E-03 
                 600.                       6.35737991               5.32765102               1.02959692             810.888489E-03           679.478027E-03           131.339584E-03  
                   1.79999995E+03           8.91350842               7.51916885               1.3949827                1.13712847             959.064514E-03           177.969498E-03  
                   7.19999981E+03          10.1724195                8.59827709               1.57501006               1.2979213                1.09684038             200.917236E-03  




