
                     X                   AVERAGE_SDV3             AVERAGE_SDV4             AVERAGE_SDV5             AVERAGE_SDV9            AVERAGE_SDV10            AVERAGE_SDV11     

                   0.                       0.                       0.                       0.                       0.                       0.                       0.            
                 120.                       4.76598883               3.96335697             801.924377E-03           607.804993E-03           505.709351E-03           102.328568E-03  
                 600.                       8.04663849               6.77508974               1.2708813                1.02649105             864.450745E-03           162.172592E-03  
                   1.79999995E+03           9.50078392               8.02205658               1.47893214               1.2121278                1.02360392             188.673233E-03  
                   7.19999981E+03           9.60555553               8.1111536                1.49342144               1.22542012               1.03513348             190.552124E-03  




