
                     X                   AVERAGE_SDV3             AVERAGE_SDV4             AVERAGE_SDV5             AVERAGE_SDV9            AVERAGE_SDV10            AVERAGE_SDV11     

                   0.                       0.                       0.                       0.                       0.                       0.                       0.            
                 120.                       5.4276638                4.5304389              896.95282E-03            692.531128E-03           578.150452E-03           114.384285E-03  
                 600.                       7.94899464               6.69202852               1.25734663               1.01435411             853.844238E-03           160.380142E-03  
                   1.79999995E+03           8.12794495               6.84481049               1.28269005               1.03727496             873.315735E-03           163.618118E-03  
                   7.19999981E+03           8.12796974               6.84482718               1.28269815               1.03728485             873.447571E-03           163.618561E-03  




