
                     X                   AVERAGE_SDV3             AVERAGE_SDV4             AVERAGE_SDV5             AVERAGE_SDV9            AVERAGE_SDV10            AVERAGE_SDV11     

                   0.                       0.                       0.                       0.                       0.                       0.                       0.            
                 120.                       5.43750334               4.53884125             898.219971E-03           693.609558E-03           579.155212E-03           114.587509E-03  
                 600.                       7.88610268               6.63657475               1.24822259               1.00588441             846.758728E-03           159.209961E-03  
                   1.79999995E+03           8.04518509               6.76997185               1.27064395               1.02592397             863.769348E-03           162.109009E-03  
                   7.19999981E+03           8.04520607               6.76997948               1.27064955               1.0259515              863.78772E-03            162.109192E-03  




