
                     X                   AVERAGE_SDV3             AVERAGE_SDV4             AVERAGE_SDV5             AVERAGE_SDV9            AVERAGE_SDV10            AVERAGE_SDV11     

                   0.                       0.                       0.                       0.                       0.                       0.                       0.            
                 120.                       4.06212807               3.36057615             701.634644E-03           518.308594E-03           428.859283E-03            89.4789734E-03 
                 600.                       6.84723425               5.74611712               1.0996021              873.281921E-03           733.203613E-03           140.278168E-03  
                   1.79999995E+03           8.50980282               7.17271519               1.33731961               1.08559179             915.113098E-03           170.628403E-03  
                   7.19999981E+03           8.72969913               7.35958004               1.36846507               1.11337852             939.335083E-03           174.646759E-03  




