
                     X                   AVERAGE_SDV3             AVERAGE_SDV4             AVERAGE_SDV5             AVERAGE_SDV9            AVERAGE_SDV10            AVERAGE_SDV11     

                   0.                       0.                       0.                       0.                       0.                       0.                       0.            
                 120.                       5.84070587               4.88415527             955.622314E-03           744.856384E-03           623.169067E-03           121.88279E-03   
                 600.                       9.85058689               8.3212204                1.52888882               1.25684726               1.06166244             195.083755E-03  
                   1.79999995E+03          11.4494314                9.692029                 1.75721157               1.46092272               1.2367903              224.211426E-03  
                   7.19999981E+03          11.5410681                9.77208138               1.77033675               1.47266018               1.24644446             225.969452E-03  




