
                     X                   AVERAGE_SDV3             AVERAGE_SDV4             AVERAGE_SDV5             AVERAGE_SDV9            AVERAGE_SDV10            AVERAGE_SDV11     

                   0.                       0.                       0.                       0.                       0.                       0.                       0.            
                 120.                       4.24242496               3.51621366             727.106567E-03           541.212402E-03           448.454193E-03            92.7619781E-03 
                 600.                       6.77457237               5.68474531               1.08916748             864.055298E-03           725.32135E-03            138.940765E-03  
                   1.79999995E+03           9.38891029               7.92482471               1.46273351               1.19733942               1.01103103             186.558243E-03  
                   7.19999981E+03          10.48699                  8.86845779               1.61984932               1.33783209               1.13126612             206.618027E-03  




