
                     X                   AVERAGE_SDV3             AVERAGE_SDV4             AVERAGE_SDV5             AVERAGE_SDV9            AVERAGE_SDV10            AVERAGE_SDV11     

                   0.                       0.                       0.                       0.                       0.                       0.                       0.            
                 120.                       6.44969797               5.40700531               1.04279029             822.830444E-03           689.613647E-03           133.012833E-03  
                 600.                       9.29842663               7.84949732               1.44989169               1.18628252               1.00120401             184.980545E-03  
                   1.79999995E+03           9.46879578               7.99707174               1.47389793               1.20819187               1.01964343             188.025757E-03  
                   7.19999981E+03           9.46879673               7.99714136               1.4739027                1.20819354               1.01964414             188.026443E-03  




