
                     X                   AVERAGE_SDV3             AVERAGE_SDV4             AVERAGE_SDV5             AVERAGE_SDV9            AVERAGE_SDV10            AVERAGE_SDV11     

                   0.                       0.                       0.                       0.                       0.                       0.                       0.            
                 120.                       4.04724169               3.34836745             699.236633E-03           516.406189E-03           427.241272E-03            89.1920395E-03 
                 600.                       6.3485055                5.31963396               1.02831089             810.028015E-03           678.714905E-03           131.19194E-03   
                   1.79999995E+03           8.9157095                7.52128839               1.3954674                1.13760555             959.376099E-03           177.997559E-03  
                   7.19999981E+03          10.2092981                8.63168907               1.58031559               1.30276465               1.10102963             201.593903E-03  




