
                     X                   AVERAGE_SDV3             AVERAGE_SDV4             AVERAGE_SDV5             AVERAGE_SDV9            AVERAGE_SDV10            AVERAGE_SDV11     

                   0.                       0.                       0.                       0.                       0.                       0.                       0.            
                 120.                       5.47908068               4.57543325             903.936279E-03           698.739319E-03           583.658875E-03           115.327232E-03  
                 600.                       9.25224304               7.80834055               1.4433167                1.18031204             996.202332E-03           184.137451E-03  
                   1.79999995E+03          10.8333139                9.16281223               1.669083                 1.38180506               1.16894364             212.931168E-03  
                   7.19999981E+03          10.9369535                9.2501545                1.68359804               1.39461482               1.17998505             214.8358E-03    




