
                     X                   AVERAGE_SDV3             AVERAGE_SDV4             AVERAGE_SDV5             AVERAGE_SDV9            AVERAGE_SDV10            AVERAGE_SDV11     

                   0.                       0.                       0.                       0.                       0.                       0.                       0.            
                 120.                       2.19987965               1.76569343             434.654022E-03           280.652161E-03           225.190353E-03            55.4533043E-03 
                 600.                       2.42351222               1.9567939              467.050903E-03           309.098663E-03           249.561646E-03            59.5830956E-03 
                   1.79999995E+03           2.91667008               2.38011146             537.737793E-03           372.205292E-03           303.627777E-03            68.6094131E-03 
                   7.19999981E+03           4.42885208               3.67597818             753.868591E-03           565.156067E-03           468.914734E-03            96.2116089E-03 




