
                     X                   AVERAGE_SDV3             AVERAGE_SDV4             AVERAGE_SDV5             AVERAGE_SDV9            AVERAGE_SDV10            AVERAGE_SDV11     

                   0.                       0.                       0.                       0.                       0.                       0.                       0.            
                 120.                       4.0629797                3.36302185             701.719849E-03           518.472412E-03           428.925507E-03            89.5231705E-03 
                 600.                       6.85444832               5.75481892               1.10101247             874.614258E-03           734.302368E-03           140.448746E-03  
                   1.79999995E+03           8.43117332               7.10623789               1.32628191               1.07567692             906.652893E-03           169.190399E-03  
                   7.19999981E+03           8.61460018               7.26542902               1.35260069               1.09927213             927.23114E-03            172.522247E-03  




