
                     X                   AVERAGE_SDV3             AVERAGE_SDV4             AVERAGE_SDV5             AVERAGE_SDV9            AVERAGE_SDV10            AVERAGE_SDV11     

                   0.                       0.                       0.                       0.                       0.                       0.                       0.            
                 120.                       4.1997776                3.47973561             720.930542E-03           535.836853E-03           443.853577E-03            91.9772491E-03 
                 600.                       6.64403534               5.57329226               1.07063711             847.667847E-03           711.174988E-03           136.581512E-03  
                   1.79999995E+03           9.27796459               7.83202839               1.4472543                1.18366623             999.197571E-03           184.598434E-03  
                   7.19999981E+03          10.5028973                8.88079166               1.6221627                1.33992505               1.13310623             206.891281E-03  




