
                     X                   AVERAGE_SDV3             AVERAGE_SDV4             AVERAGE_SDV5             AVERAGE_SDV9            AVERAGE_SDV10            AVERAGE_SDV11     

                   0.                       0.                       0.                       0.                       0.                       0.                       0.            
                 120.                       5.74859047               4.80564642             942.642517E-03           733.325562E-03           613.20575E-03            120.235054E-03  
                 600.                       8.90942478               7.51552534               1.39458287               1.13664424             958.916748E-03           177.900757E-03  
                   1.79999995E+03           9.31446171               7.86243582               1.45291305               1.18842208               1.00349295             185.289932E-03  
                   7.19999981E+03           9.31551456               7.86341953               1.45306444               1.18875623               1.0037955              185.397537E-03  




