
                     X                   AVERAGE_SDV3             AVERAGE_SDV4             AVERAGE_SDV5             AVERAGE_SDV9            AVERAGE_SDV10            AVERAGE_SDV11     

                   0.                       0.                       0.                       0.                       0.                       0.                       0.            
                 120.                       6.28716612               5.26855898               1.01966453             802.204407E-03           672.073425E-03           130.083969E-03  
                 600.                       9.77811432               8.2598877                1.5187037                1.247329                 1.05363882             193.711563E-03  
                   1.79999995E+03          10.2386646                8.65573597               1.58413804               1.30595255               1.10405874             202.137299E-03  
                   7.19999981E+03          10.2411137                8.65625381               1.58499444               1.30609834               1.10418081             202.148575E-03  




