
                     X                   AVERAGE_SDV3             AVERAGE_SDV4             AVERAGE_SDV5             AVERAGE_SDV9            AVERAGE_SDV10            AVERAGE_SDV11     

                   0.                       0.                       0.                       0.                       0.                       0.                       0.            
                 120.                       4.01700354               3.32181215             694.720642E-03           512.34845E-03            423.807861E-03            88.6434097E-03 
                 600.                       6.24343681               5.22971535               1.01335967             796.539551E-03           667.235657E-03           129.28479E-03   
                   1.79999995E+03           8.81811523               7.43666077               1.38135934               1.12490904             948.897339E-03           176.225906E-03  
                   7.19999981E+03          10.2325716                8.64751434               1.58338583               1.30545735               1.10336971             201.982819E-03  




