
                     X                   AVERAGE_SDV3             AVERAGE_SDV4             AVERAGE_SDV5             AVERAGE_SDV9            AVERAGE_SDV10            AVERAGE_SDV11     

                   0.                       0.                       0.                       0.                       0.                       0.                       0.            
                 120.                       4.02116013               3.32497954             695.4422E-03             513.022766E-03           424.233063E-03            88.7122116E-03 
                 600.                       6.26249552               5.24550247               1.01574433             798.702576E-03           669.263611E-03           129.600342E-03  
                   1.79999995E+03           8.83716393               7.45135593               1.38376737               1.12722135             950.815979E-03           176.538803E-03  
                   7.19999981E+03          10.2280235                8.64338017               1.58267391               1.30494082               1.10296631             201.882507E-03  




