
                     X                   AVERAGE_SDV3             AVERAGE_SDV4             AVERAGE_SDV5             AVERAGE_SDV9            AVERAGE_SDV10            AVERAGE_SDV11     

                   0.                       0.                       0.                       0.                       0.                       0.                       0.            
                 120.                       4.78871393               3.98361278             805.410767E-03           610.974304E-03           508.220795E-03           102.743767E-03  
                 600.                       7.94780636               6.69106245               1.25693715               1.01391792             853.664185E-03           160.362564E-03  
                   1.79999995E+03           8.89329338               7.50149584               1.39175332               1.13456595             957.030884E-03           177.612259E-03  
                   7.19999981E+03           8.92428398               7.52825928               1.39585149               1.13827896             960.544189E-03           178.189896E-03  




