
                     X                   AVERAGE_SDV3             AVERAGE_SDV4             AVERAGE_SDV5             AVERAGE_SDV9            AVERAGE_SDV10            AVERAGE_SDV11     

                   0.                       0.                       0.                       0.                       0.                       0.                       0.            
                 120.                       4.04887915               3.34958315             699.415649E-03           516.612366E-03           427.318237E-03            89.2332306E-03 
                 600.                       6.37595749               5.34476519               1.03253329             813.690002E-03           681.925354E-03           131.71225E-03   
                   1.79999995E+03           8.93011093               7.53456545               1.39733624               1.13946962             961.13092E-03            178.284729E-03  
                   7.19999981E+03          10.1673784                8.59454441               1.57408202               1.29712081               1.09627461             200.83226E-03   




