
                     X                   AVERAGE_SDV3             AVERAGE_SDV4             AVERAGE_SDV5             AVERAGE_SDV9            AVERAGE_SDV10            AVERAGE_SDV11     

                   0.                       0.                       0.                       0.                       0.                       0.                       0.            
                 120.                       4.30610418               3.57009721             736.193604E-03           549.368408E-03           455.481903E-03            93.9147186E-03 
                 600.                       7.12770796               5.9885273                1.13978183             909.382751E-03           763.950867E-03           145.386261E-03  
                   1.79999995E+03           9.41385651               7.94788027               1.46614099               1.20099699               1.01387084             187.047394E-03  
                   7.19999981E+03           9.97816753               8.43437481               1.54691505               1.27334523               1.07571054             197.301727E-03  




