
                     X                   AVERAGE_SDV3             AVERAGE_SDV4             AVERAGE_SDV5             AVERAGE_SDV9            AVERAGE_SDV10            AVERAGE_SDV11     

                   0.                       0.                       0.                       0.                       0.                       0.                       0.            
                 120.                       5.75760794               4.81305361             943.836243E-03           734.556091E-03           614.093506E-03           120.414757E-03  
                 600.                       8.26262665               6.95995092               1.30207431               1.05416453             888.062195E-03           166.119965E-03  
                   1.79999995E+03           8.40624332               7.08151865               1.32282722               1.07249272             903.890503E-03           168.773087E-03  
                   7.19999981E+03           8.40624619               7.08153296               1.32282853               1.07249939             903.90155E-03            168.773148E-03  




