
                     X                   AVERAGE_SDV3             AVERAGE_SDV4             AVERAGE_SDV5             AVERAGE_SDV9            AVERAGE_SDV10            AVERAGE_SDV11     

                   0.                       0.                       0.                       0.                       0.                       0.                       0.            
                 120.                       6.22435141               5.21253252               1.01059818             793.958923E-03           665.022827E-03           128.899994E-03  
                 600.                       9.37252617               7.91161442               1.46063983               1.19571126               1.00924206             186.33403E-03   
                   1.79999995E+03           9.66815567               8.167943                 1.5034281                1.23403692               1.04160821             191.776016E-03  
                   7.19999981E+03           9.66841412               8.16807842               1.50361145               1.23406923               1.04162335             191.778671E-03  




