
                     X                   AVERAGE_SDV3             AVERAGE_SDV4             AVERAGE_SDV5             AVERAGE_SDV9            AVERAGE_SDV10            AVERAGE_SDV11     

                   0.                       0.                       0.                       0.                       0.                       0.                       0.            
                 120.                       3.96868563               3.28049803             688.001404E-03           506.377167E-03           418.527802E-03            87.8065643E-03 
                 600.                       6.3189106                5.29298878               1.02387702             805.967102E-03           675.364502E-03           130.63501E-03   
                   1.79999995E+03           6.73919821               5.65487385               1.08409381             859.633301E-03           721.418335E-03           138.306519E-03  
                   7.19999981E+03           6.74583292               5.65730476               1.08464551             859.916687E-03           722.131226E-03           138.391556E-03  




