
                     X                   AVERAGE_SDV3             AVERAGE_SDV4             AVERAGE_SDV5             AVERAGE_SDV9            AVERAGE_SDV10            AVERAGE_SDV11     

                   0.                       0.                       0.                       0.                       0.                       0.                       0.            
                 120.                       4.04266119               3.34478903             698.492981E-03           515.800781E-03           426.728668E-03            89.1332474E-03 
                 600.                       6.3547864                5.32595396               1.02916741             810.732361E-03           679.346008E-03           131.303009E-03  
                   1.79999995E+03           8.9108448                7.51684999               1.39471912               1.13696408             958.908997E-03           177.948929E-03  
                   7.19999981E+03          10.1744556                8.59955406               1.57536685               1.29811919               1.09706831             200.95163E-03   




