
                     X                   AVERAGE_SDV3             AVERAGE_SDV4             AVERAGE_SDV5             AVERAGE_SDV9            AVERAGE_SDV10            AVERAGE_SDV11     

                   0.                       0.                       0.                       0.                       0.                       0.                       0.            
                 120.                       6.13977861               5.14104748             998.527161E-03           783.22345E-03            655.726562E-03           127.361061E-03  
                 600.                       9.06510258               7.6489501                1.41661048               1.15631783             975.666504E-03           180.740143E-03  
                   1.79999995E+03           9.29099083               7.84299994               1.44908381               1.18508112               1.0000993              184.875351E-03  
                   7.19999981E+03           9.29104519               7.84302473               1.4491421                1.18508875               1.00010967             184.90271E-03   




