
                     X                   AVERAGE_SDV3             AVERAGE_SDV4             AVERAGE_SDV5             AVERAGE_SDV9            AVERAGE_SDV10            AVERAGE_SDV11     

                   0.                       0.                       0.                       0.                       0.                       0.                       0.            
                 120.                       2.62733579               2.13149786             496.296448E-03           335.242004E-03           271.881073E-03            63.3151474E-03 
                 600.                       3.94533515               3.25972533             684.751526E-03           503.307587E-03           415.83078E-03             87.3650436E-03 
                   1.79999995E+03           5.62292433               4.69758558             924.799377E-03           717.44928E-03            599.437012E-03           117.955284E-03  
                   7.19999981E+03           6.78943491               5.69696379               1.09153473             866.152771E-03           726.993713E-03           139.22345E-03   




