
                     X                   AVERAGE_SDV3             AVERAGE_SDV4             AVERAGE_SDV5             AVERAGE_SDV9            AVERAGE_SDV10            AVERAGE_SDV11     

                   0.                       0.                       0.                       0.                       0.                       0.                       0.            
                 120.                       4.0173049                3.32277822             694.852234E-03           512.484924E-03           423.82547E-03             88.6518097E-03 
                 600.                       6.24913216               5.23528576               1.01435244             797.123779E-03           667.851379E-03           129.366348E-03  
                   1.79999995E+03           8.82404041               7.44106245               1.38219476               1.12573433             949.424561E-03           176.297195E-03  
                   7.19999981E+03          10.2293768                8.64613056               1.58312249               1.30514574               1.10314536             201.925659E-03  




