
                     X                   AVERAGE_SDV3             AVERAGE_SDV4             AVERAGE_SDV5             AVERAGE_SDV9            AVERAGE_SDV10            AVERAGE_SDV11     

                   0.                       0.                       0.                       0.                       0.                       0.                       0.            
                 120.                       4.49138021               3.72850275             762.7677E-03             572.854797E-03           475.58493E-03             97.2787552E-03 
                 600.                       7.15467024               6.01199579               1.1436621              912.699341E-03           766.88916E-03            145.90303E-03   
                   1.79999995E+03           9.94266224               8.40194511               1.54196095               1.2687155                1.07187259             196.726334E-03  
                   7.19999981E+03          11.1564035                9.44130993               1.71527457               1.42323673               1.20441997             218.809708E-03  




