
                     X                   AVERAGE_SDV3             AVERAGE_SDV4             AVERAGE_SDV5             AVERAGE_SDV9            AVERAGE_SDV10            AVERAGE_SDV11     

                   0.                       0.                       0.                       0.                       0.                       0.                       0.            
                 120.                       4.22753191               3.50296474             724.955505E-03           539.420227E-03           446.771667E-03            92.4598541E-03 
                 600.                       6.74725103               5.66104746               1.08506215             860.585449E-03           722.137512E-03           138.429428E-03  
                   1.79999995E+03           9.35310268               7.89434338               1.45767975               1.1930964                1.00717437             185.945969E-03  
                   7.19999981E+03          10.4549713                8.84073257               1.61509037               1.33373916               1.1278342              206.057465E-03  




