
                     X                   AVERAGE_SDV3             AVERAGE_SDV4             AVERAGE_SDV5             AVERAGE_SDV9            AVERAGE_SDV10            AVERAGE_SDV11     

                   0.                       0.                       0.                       0.                       0.                       0.                       0.            
                 120.                       4.04209089               3.34362936             698.320129E-03           515.70636E-03            426.624786E-03            89.1159668E-03 
                 600.                       6.32565355               5.2996521                1.0249579              807.053711E-03           676.255554E-03           130.767563E-03  
                   1.79999995E+03           8.89847088               7.50488615               1.39270341               1.13503957             957.377747E-03           177.67363E-03   
                   7.19999981E+03          10.2261648                8.64311123               1.58257627               1.30454838               1.10265839             201.886017E-03  




