
                     X                   AVERAGE_SDV3             AVERAGE_SDV4             AVERAGE_SDV5             AVERAGE_SDV9            AVERAGE_SDV10            AVERAGE_SDV11     

                   0.                       0.                       0.                       0.                       0.                       0.                       0.            
                 120.                       5.49053669               4.58425713             905.514038E-03           700.41687E-03            584.86438E-03            115.536598E-03  
                 600.                       8.62232494               7.26835203               1.3533107                1.10007739             927.242859E-03           172.632965E-03  
                   1.79999995E+03           9.08718491               7.66637707               1.41951621               1.15934074             978.138794E-03           181.131958E-03  
                   7.19999981E+03           9.0912447                7.67102861               1.42057669               1.15984821             978.446838E-03           181.152939E-03  




