
                     X                   AVERAGE_SDV3             AVERAGE_SDV4             AVERAGE_SDV5             AVERAGE_SDV9            AVERAGE_SDV10            AVERAGE_SDV11     

                   0.                       0.                       0.                       0.                       0.                       0.                       0.            
                 120.                       4.05068588               3.35081887             699.687561E-03           516.761353E-03           427.521301E-03            89.2645874E-03 
                 600.                       6.38380766               5.35024452               1.03328407             814.445068E-03           682.42572E-03            131.844589E-03  
                   1.79999995E+03           8.93380642               7.53670835               1.39792192               1.13976657             961.453186E-03           178.343872E-03  
                   7.19999981E+03          10.1613417                8.5880022                1.57295239               1.29632401               1.09542465             200.690399E-03  




