
                     X                   AVERAGE_SDV3             AVERAGE_SDV4             AVERAGE_SDV5             AVERAGE_SDV9            AVERAGE_SDV10            AVERAGE_SDV11     

                   0.                       0.                       0.                       0.                       0.                       0.                       0.            
                 120.                       4.04612875               3.34789371             699.043701E-03           516.279785E-03           426.967529E-03            89.1779556E-03 
                 600.                       6.37765455               5.3453517                1.03238344             813.488159E-03           681.723206E-03           131.683533E-03  
                   1.79999995E+03           8.92651176               7.52989054               1.39690304               1.1388725              960.547791E-03           178.176819E-03  
                   7.19999981E+03          10.1562929                8.58322525               1.57241678               1.29544187               1.09500194             200.580292E-03  




