
                     X                   AVERAGE_SDV3             AVERAGE_SDV4             AVERAGE_SDV5             AVERAGE_SDV9            AVERAGE_SDV10            AVERAGE_SDV11     

                   0.                       0.                       0.                       0.                       0.                       0.                       0.            
                 120.                       4.10913324               3.40170574             708.125671E-03           524.245667E-03           433.946564E-03            90.333931E-03  
                 600.                       6.82234621               5.72608995               1.09626436             870.568054E-03           730.733093E-03           139.822861E-03  
                   1.79999995E+03           8.93861961               7.54064035               1.3988992                1.1405443              962.113342E-03           178.414978E-03  
                   7.19999981E+03           9.42493343               7.9542551                1.46800196               1.20221126               1.01521659             187.166916E-03  




