
                     X                   AVERAGE_SDV3             AVERAGE_SDV4             AVERAGE_SDV5             AVERAGE_SDV9            AVERAGE_SDV10            AVERAGE_SDV11     

                   0.                       0.                       0.                       0.                       0.                       0.                       0.            
                 120.                       5.75186491               4.80736685             942.829163E-03           733.762573E-03           613.386169E-03           120.314583E-03  
                 600.                       8.33032513               7.01735783               1.31162596               1.06267941             895.3703E-03             167.355698E-03  
                   1.79999995E+03           8.49650669               7.15648031               1.33487236               1.08342671             913.555481E-03           170.332321E-03  
                   7.19999981E+03           8.49652576               7.15649748               1.33487248               1.08342862             913.5578E-03             170.367386E-03  




