
                     X                   AVERAGE_SDV3             AVERAGE_SDV4             AVERAGE_SDV5             AVERAGE_SDV9            AVERAGE_SDV10            AVERAGE_SDV11     

                   0.                       0.                       0.                       0.                       0.                       0.                       0.            
                 120.                       4.06749249               3.36555696             702.073975E-03           518.892151E-03           429.304169E-03            89.5991211E-03 
                 600.                       6.60492182               5.54156113               1.06509447             842.807068E-03           706.951355E-03           135.88765E-03   
                   1.79999995E+03           7.18296099               6.03655672               1.14780343             916.59967E-03            770.125E-03              146.449005E-03  
                   7.19999981E+03           7.19159651               6.04658413               1.14884174             917.960876E-03           771.37085E-03            146.635941E-03  




