
                     X                   AVERAGE_SDV3             AVERAGE_SDV4             AVERAGE_SDV5             AVERAGE_SDV9            AVERAGE_SDV10            AVERAGE_SDV11     

                   0.                       0.                       0.                       0.                       0.                       0.                       0.            
                 120.                       4.78828001               3.98401737             805.40332E-03            610.960938E-03           508.325043E-03           102.760666E-03  
                 600.                       7.3425765                6.17172098               1.17058384             936.745422E-03           787.494995E-03           149.332977E-03  
                   1.79999995E+03           7.64068317               6.42599392               1.21317101             974.693054E-03           820.214966E-03           154.781418E-03  
                   7.19999981E+03           7.64082289               6.42644501               1.21339691             974.74408E-03            820.283997E-03           154.785141E-03  




