
                     X                   AVERAGE_SDV3             AVERAGE_SDV4             AVERAGE_SDV5             AVERAGE_SDV9            AVERAGE_SDV10            AVERAGE_SDV11     

                   0.                       0.                       0.                       0.                       0.                       0.                       0.            
                 120.                       5.87935686               4.9185648              961.355652E-03           750.169617E-03           627.611328E-03           122.62809E-03   
                 600.                       8.43838978               7.11138725               1.32707131               1.07657814             907.410828E-03           169.28273E-03   
                   1.79999995E+03           8.58331299               7.23535633               1.34781957               1.09535718             923.599426E-03           171.917038E-03  
                   7.19999981E+03           8.58331299               7.23535728               1.34791577               1.09536636             923.701965E-03           171.917221E-03  




