
                     X                   AVERAGE_SDV3             AVERAGE_SDV4             AVERAGE_SDV5             AVERAGE_SDV9            AVERAGE_SDV10            AVERAGE_SDV11     

                   0.                       0.                       0.                       0.                       0.                       0.                       0.            
                 120.                       5.63375521               4.70817709             926.045715E-03           718.628479E-03           600.596619E-03           118.161339E-03  
                 600.                       9.29223824               7.84428453               1.44896889               1.18546534               1.00064969             184.902039E-03  
                   1.79999995E+03          10.2663469                8.67842102               1.58801937               1.30977166               1.10708559             202.618668E-03  
                   7.19999981E+03          10.2904921                8.70036411               1.59101462               1.31258357               1.10947847             203.116058E-03  




