
                     X                   AVERAGE_SDV3             AVERAGE_SDV4             AVERAGE_SDV5             AVERAGE_SDV9            AVERAGE_SDV10            AVERAGE_SDV11     

                   0.                       0.                       0.                       0.                       0.                       0.                       0.            
                 120.                       4.04379368               3.34517074             698.457153E-03           515.931763E-03           426.771515E-03            89.1379776E-03 
                 600.                       6.35581112               5.32724142               1.02941096             810.871033E-03           679.489502E-03           131.335358E-03  
                   1.79999995E+03           8.9133234                7.51837158               1.39484465               1.13711929             959.064514E-03           177.968857E-03  
                   7.19999981E+03          10.1740789                8.59916878               1.57527184               1.29807687               1.09704149             200.935516E-03  




