
                     X                   AVERAGE_SDV3             AVERAGE_SDV4             AVERAGE_SDV5             AVERAGE_SDV9            AVERAGE_SDV10            AVERAGE_SDV11     

                   0.                       0.                       0.                       0.                       0.                       0.                       0.            
                 120.                       3.15888667               2.58733082             571.931274E-03           402.948761E-03           329.995605E-03            72.9653549E-03 
                 600.                       3.56371975               2.93387103             630.079834E-03           454.672058E-03           374.278564E-03            80.3881683E-03 
                   1.79999995E+03           4.43658018               3.68216062             754.943848E-03           565.908142E-03           469.641754E-03            96.3281403E-03 
                   7.19999981E+03           6.9057622                5.79846382               1.10812676             881.033386E-03           739.61261E-03            141.386353E-03  




