
                     X                   AVERAGE_SDV3             AVERAGE_SDV4             AVERAGE_SDV5             AVERAGE_SDV9            AVERAGE_SDV10            AVERAGE_SDV11     

                   0.                       0.                       0.                       0.                       0.                       0.                       0.            
                 120.                       4.02002859               3.32420015             695.359497E-03           512.71106E-03            424.12384E-03             88.6694336E-03 
                 600.                       6.25740051               5.2402463                1.01517737             798.187683E-03           668.628052E-03           129.495911E-03  
                   1.79999995E+03           8.83152485               7.44711113               1.3832854                1.1265651              950.255554E-03           176.448883E-03  
                   7.19999981E+03          10.2283564                8.64425278               1.58304548               1.30502152               1.1030637              201.892105E-03  




