
                     X                   AVERAGE_SDV3             AVERAGE_SDV4             AVERAGE_SDV5             AVERAGE_SDV9            AVERAGE_SDV10            AVERAGE_SDV11     

                   0.                       0.                       0.                       0.                       0.                       0.                       0.            
                 120.                       4.02015209               3.32401752             695.324402E-03           512.905151E-03           424.140503E-03            88.679985E-03  
                 600.                       6.25675583               5.24157381               1.0151881              798.32605E-03            668.776123E-03           129.520859E-03  
                   1.79999995E+03           8.83047009               7.44736624               1.3832047                1.12646282             950.028198E-03           176.473923E-03  
                   7.19999981E+03          10.2254705                8.64265633               1.58258355               1.30423522               1.10261166             201.865128E-03  




