
                     X                   AVERAGE_SDV3             AVERAGE_SDV4             AVERAGE_SDV5             AVERAGE_SDV9            AVERAGE_SDV10            AVERAGE_SDV11     

                   0.                       0.                       0.                       0.                       0.                       0.                       0.            
                 120.                       4.40500641               3.65414715             750.316833E-03           562.082764E-03           466.246582E-03            95.7439194E-03 
                 600.                       7.41057014               6.2303133                1.18017352             945.532471E-03           794.958252E-03           150.563675E-03  
                   1.79999995E+03           9.35575771               7.89776945               1.45813525               1.19364476               1.00762236             186.021667E-03  
                   7.19999981E+03           9.65683842               8.15630531               1.50100565               1.23192835               1.04074967             191.520828E-03  




