
                     X                   AVERAGE_SDV3             AVERAGE_SDV4             AVERAGE_SDV5             AVERAGE_SDV9            AVERAGE_SDV10            AVERAGE_SDV11     

                   0.                       0.                       0.                       0.                       0.                       0.                       0.            
                 120.                       4.04699659               3.34795332             699.009033E-03           516.333862E-03           427.157654E-03            89.2005692E-03 
                 600.                       6.3620882                5.33115482               1.0301379              811.470032E-03           680.04541E-03            131.405655E-03  
                   1.79999995E+03           8.92071056               7.52544403               1.39588916               1.13805699             959.999512E-03           178.074036E-03  
                   7.19999981E+03          10.1864424                8.60927773               1.57657003               1.29929793               1.09830976             201.146561E-03  




