
                     X                   AVERAGE_SDV3             AVERAGE_SDV4             AVERAGE_SDV5             AVERAGE_SDV9            AVERAGE_SDV10            AVERAGE_SDV11     

                   0.                       0.                       0.                       0.                       0.                       0.                       0.            
                 120.                       4.0489068                3.34913588             699.462952E-03           516.454773E-03           427.329376E-03            89.2176743E-03 
                 600.                       6.38421774               5.35065985               1.03344047             814.65802E-03            682.841492E-03           131.865158E-03  
                   1.79999995E+03           8.93294716               7.53620863               1.39770281               1.13963914             961.364014E-03           178.313385E-03  
                   7.19999981E+03          10.1516933                8.57999706               1.57178795               1.2950325                1.09450459             200.499405E-03  




