
                     X                   AVERAGE_SDV3             AVERAGE_SDV4             AVERAGE_SDV5             AVERAGE_SDV9            AVERAGE_SDV10            AVERAGE_SDV11     

                   0.                       0.                       0.                       0.                       0.                       0.                       0.            
                 120.                       6.95368528               5.83871841               1.11496687             887.094543E-03           745.035339E-03           142.229126E-03  
                 600.                      10.7242785                9.0708046                1.65365303               1.36802912               1.15723646             210.975082E-03  
                   1.79999995E+03          11.1782923                9.45828819               1.71853936               1.42577803               1.20686483             219.226166E-03  
                   7.19999981E+03          11.1793194                9.45909309               1.71869469               1.4258014                1.20695865             219.23671E-03   




