
                     X                   AVERAGE_SDV3             AVERAGE_SDV4             AVERAGE_SDV5             AVERAGE_SDV9            AVERAGE_SDV10            AVERAGE_SDV11     

                   0.                       0.                       0.                       0.                       0.                       0.                       0.            
                 120.                       2.48832369               2.01168799             476.37735E-03            317.441437E-03           256.707642E-03            60.7708969E-03 
                 600.                       3.23568058               2.65171933             583.127136E-03           412.839569E-03           338.392426E-03            74.399025E-03  
                   1.79999995E+03           4.54210091               3.77177811             770.001648E-03           579.535278E-03           481.305481E-03            98.2504654E-03 
                   7.19999981E+03           6.64469576               5.57456923               1.07075739             847.765137E-03           711.077087E-03           136.595154E-03  




