
                     X                   AVERAGE_SDV3             AVERAGE_SDV4             AVERAGE_SDV5             AVERAGE_SDV9            AVERAGE_SDV10            AVERAGE_SDV11     

                   0.                       0.                       0.                       0.                       0.                       0.                       0.            
                 120.                       4.16446018               3.44812083             715.874878E-03           531.269653E-03           439.828827E-03            91.3068085E-03 
                 600.                       6.5540638                5.49603081               1.05767071             836.283569E-03           701.251892E-03           134.936707E-03  
                   1.79999995E+03           9.18795204               7.75226068               1.43397534               1.17191446             989.102478E-03           182.941086E-03  
                   7.19999981E+03          10.4757452                8.85497284               1.61799669               1.33615589               1.12987781             206.369568E-03  




