
                     X                   AVERAGE_SDV3             AVERAGE_SDV4             AVERAGE_SDV5             AVERAGE_SDV9            AVERAGE_SDV10            AVERAGE_SDV11     

                   0.                       0.                       0.                       0.                       0.                       0.                       0.            
                 120.                       4.44169903               3.68556881             755.468384E-03           566.721252E-03           470.22403E-03             96.4008484E-03 
                 600.                       7.3482976                6.17764521               1.17122102             937.328674E-03           788.051331E-03           149.395096E-03  
                   1.79999995E+03           9.72303772               8.21443748               1.51069307               1.24032235               1.04779661             192.731216E-03  
                   7.19999981E+03          10.3216152                8.72436428               1.59667265               1.31659436               1.11328077             203.617264E-03  




