
                     X                   AVERAGE_SDV3             AVERAGE_SDV4             AVERAGE_SDV5             AVERAGE_SDV9            AVERAGE_SDV10            AVERAGE_SDV11     

                   0.                       0.                       0.                       0.                       0.                       0.                       0.            
                 120.                       6.39119387               5.35519934               1.03435624             815.378479E-03           683.449768E-03           131.963867E-03  
                 600.                       9.17740345               7.74380541               1.43275845               1.17074215             988.073914E-03           182.756912E-03  
                   1.79999995E+03           9.34060001               7.87857437               1.45581412               1.1913321                1.00565135             185.664825E-03  
                   7.19999981E+03           9.34060192               7.8785944                1.45581412               1.19133246               1.00565195             185.665039E-03  




