
                     X                   AVERAGE_SDV3             AVERAGE_SDV4             AVERAGE_SDV5             AVERAGE_SDV9            AVERAGE_SDV10            AVERAGE_SDV11     

                   0.                       0.                       0.                       0.                       0.                       0.                       0.            
                 120.                       5.64961195               4.72072124             928.342529E-03           720.711975E-03           602.309143E-03           118.451042E-03  
                 600.                       8.53153229               7.1929059                1.34072542               1.08859468             917.598816E-03           171.051224E-03  
                   1.79999995E+03           8.81319714               7.43645048               1.38080668               1.12488878             948.770447E-03           176.231003E-03  
                   7.19999981E+03           8.81333447               7.43669844               1.38147843               1.12492049             948.819641E-03           176.236069E-03  




