
                     X                   AVERAGE_SDV3             AVERAGE_SDV4             AVERAGE_SDV5             AVERAGE_SDV9            AVERAGE_SDV10            AVERAGE_SDV11     

                   0.                       0.                       0.                       0.                       0.                       0.                       0.            
                 120.                       4.22772694               3.50223041             725.002014E-03           539.225037E-03           446.782715E-03            92.4982834E-03 
                 600.                       7.13564634               5.99558496               1.14088202             910.465393E-03           764.96991E-03            145.542053E-03  
                   1.79999995E+03           8.76809502               7.39460373               1.37421668               1.11861694             943.335205E-03           175.290741E-03  
                   7.19999981E+03           8.9579668                7.55879498               1.40134072               1.14292347             964.383911E-03           178.7211E-03    




