
                     X                   AVERAGE_SDV3             AVERAGE_SDV4             AVERAGE_SDV5             AVERAGE_SDV9            AVERAGE_SDV10            AVERAGE_SDV11     

                   0.                       0.                       0.                       0.                       0.                       0.                       0.            
                 120.                       5.13361311               4.2787385              854.599121E-03           654.967346E-03           545.960999E-03           109.024529E-03  
                 600.                       8.69078159               7.32834816               1.36318469               1.10878813             934.918457E-03           173.881454E-03  
                   1.79999995E+03          10.4775219                8.85877514               1.61819565               1.33659685               1.13021839             206.456955E-03  
                   7.19999981E+03          10.6455641                9.0000515                1.64154434               1.35807014               1.14841795             209.472763E-03  




