
                     X                   AVERAGE_SDV3             AVERAGE_SDV4             AVERAGE_SDV5             AVERAGE_SDV9            AVERAGE_SDV10            AVERAGE_SDV11     

                   0.                       0.                       0.                       0.                       0.                       0.                       0.            
                 120.                       3.66287231               3.01833749             644.134705E-03           467.104767E-03           384.950134E-03            82.193779E-03  
                 600.                       5.71326828               4.77658939             937.696533E-03           728.788147E-03           609.226257E-03           119.629318E-03  
                   1.79999995E+03           8.03957558               6.77048922               1.27012491               1.02576363             863.596191E-03           162.03656E-03   
                   7.19999981E+03           9.25991917               7.81649065               1.44434965               1.18143153             997.006287E-03           184.300171E-03  




