
                     X                   AVERAGE_SDV3             AVERAGE_SDV4             AVERAGE_SDV5             AVERAGE_SDV9            AVERAGE_SDV10            AVERAGE_SDV11     

                   0.                       0.                       0.                       0.                       0.                       0.                       0.            
                 120.                       4.03699064               3.34041929             697.754578E-03           515.162048E-03           426.093567E-03            89.0022583E-03 
                 600.                       6.10827971               5.11491966             994.010681E-03           779.327271E-03           652.322632E-03           126.771332E-03  
                   1.79999995E+03           8.7372942                7.36700821               1.36991262               1.11459613             939.924438E-03           174.720886E-03  
                   7.19999981E+03          10.5529127                8.9239645                1.62934625               1.3461231                1.13819921             207.790573E-03  




