
                     X                   AVERAGE_SDV3             AVERAGE_SDV4             AVERAGE_SDV5             AVERAGE_SDV9            AVERAGE_SDV10            AVERAGE_SDV11     

                   0.                       0.                       0.                       0.                       0.                       0.                       0.            
                 120.                       4.23587036               3.50908208             726.136963E-03           540.281433E-03           447.684601E-03            92.6368408E-03 
                 600.                       6.75932741               5.67051172               1.08689964             862.313721E-03           723.610413E-03           138.660934E-03  
                   1.79999995E+03           9.36922169               7.90936613               1.45994437               1.19539976               1.00906825             186.274902E-03  
                   7.19999981E+03          10.4743156                8.85708427               1.61781096               1.3363589                1.12982988             206.455582E-03  




