
                     X                   AVERAGE_SDV3             AVERAGE_SDV4             AVERAGE_SDV5             AVERAGE_SDV9            AVERAGE_SDV10            AVERAGE_SDV11     

                   0.                       0.                       0.                       0.                       0.                       0.                       0.            
                 120.                       4.0241251                3.32824779             695.848145E-03           513.41272E-03            424.595673E-03            88.7809677E-03 
                 600.                       6.26890135               5.25061655               1.01678848             799.663757E-03           669.974792E-03           129.701401E-03  
                   1.79999995E+03           8.84252453               7.45776796               1.38481486               1.12822175             951.584717E-03           176.641129E-03  
                   7.19999981E+03          10.2324696                8.64725304               1.58330154               1.30536449               1.10334086             201.952591E-03  




