
                     X                   AVERAGE_SDV3             AVERAGE_SDV4             AVERAGE_SDV5             AVERAGE_SDV9            AVERAGE_SDV10            AVERAGE_SDV11     

                   0.                       0.                       0.                       0.                       0.                       0.                       0.            
                 120.                       3.92285657               3.24222589             681.651367E-03           500.560699E-03           413.615448E-03            86.9531326E-03 
                 600.                       6.32825422               5.30247641               1.02524257             807.286743E-03           676.428833E-03           130.808365E-03  
                   1.79999995E+03           6.83164501               5.73397589               1.09726536             871.537109E-03           731.497925E-03           139.988144E-03  
                   7.19999981E+03           6.84040833               5.739254                 1.0980742              872.639099E-03           732.413757E-03           140.136917E-03  




