
                     X                   AVERAGE_SDV3             AVERAGE_SDV4             AVERAGE_SDV5             AVERAGE_SDV9            AVERAGE_SDV10            AVERAGE_SDV11     

                   0.                       0.                       0.                       0.                       0.                       0.                       0.            
                 120.                       7.68902302               6.46857929               1.21979797             980.874451E-03           825.350891E-03           155.601776E-03  
                 600.                      11.463109                 9.70227718               1.75916648               1.46244943               1.23791993             224.380936E-03  
                   1.79999995E+03          11.7807283                9.97132206               1.80455101               1.50293064               1.27284801             230.093872E-03  
                   7.19999981E+03          11.7807722                9.97156334               1.80462587               1.50295627               1.27307546             230.09967E-03   




