
                     X                   AVERAGE_SDV3             AVERAGE_SDV4             AVERAGE_SDV5             AVERAGE_SDV9            AVERAGE_SDV10            AVERAGE_SDV11     

                   0.                       0.                       0.                       0.                       0.                       0.                       0.            
                 120.                       7.62440538               6.41239309               1.21080208             972.490784E-03           818.188477E-03           154.468628E-03  
                 600.                      11.2509289                9.52075768               1.72885585               1.43531406               1.21469212             220.549316E-03  
                   1.79999995E+03          11.5275459                9.75269413               1.768502                 1.46977615               1.24477291             225.570236E-03  
                   7.19999981E+03          11.5286913                9.75287914               1.76852548               1.46977997               1.24487591             225.577988E-03  




