
                     X                   AVERAGE_SDV3             AVERAGE_SDV4             AVERAGE_SDV5             AVERAGE_SDV9            AVERAGE_SDV10            AVERAGE_SDV11     

                   0.                       0.                       0.                       0.                       0.                       0.                       0.            
                 120.                       4.21675348               3.49393082             723.363159E-03           538.053528E-03           445.786194E-03            92.2878265E-03 
                 600.                       6.71297503               5.63326073               1.08039153             856.47052E-03            718.606934E-03           137.855209E-03  
                   1.79999995E+03           9.32653713               7.87375164               1.45398533               1.18995297               1.00437009             185.516357E-03  
                   7.19999981E+03          10.4641285                8.84776878               1.61659467               1.33511364               1.12880635             206.215546E-03  




