
                     X                   AVERAGE_SDV3             AVERAGE_SDV4             AVERAGE_SDV5             AVERAGE_SDV9            AVERAGE_SDV10            AVERAGE_SDV11     

                   0.                       0.                       0.                       0.                       0.                       0.                       0.            
                 120.                       3.47923851               2.86126113             618.022461E-03           443.794922E-03           365.028259E-03            78.8521881E-03 
                 600.                       5.8373189                4.88185596             955.216431E-03           744.716248E-03           622.820801E-03           121.901367E-03  
                   1.79999995E+03           6.81406736               5.71912956               1.09514809             869.307861E-03           729.674744E-03           139.704132E-03  
                   7.19999981E+03           6.87525558               5.77071953               1.10387743             877.059387E-03           736.338013E-03           140.821609E-03  




