
                     X                   AVERAGE_SDV3             AVERAGE_SDV4             AVERAGE_SDV5             AVERAGE_SDV9            AVERAGE_SDV10            AVERAGE_SDV11     

                   0.                       0.                       0.                       0.                       0.                       0.                       0.            
                 120.                       5.96713352               4.99377203             973.776306E-03           761.225708E-03           637.038147E-03           124.247406E-03  
                 600.                       8.73153687               7.36281395               1.36913967               1.11397564             939.457214E-03           174.652603E-03  
                   1.79999995E+03           8.92665863               7.53093815               1.39716637               1.13899648             960.831848E-03           178.218399E-03  
                   7.19999981E+03           8.92667103               7.53101683               1.39716852               1.13900578             960.839233E-03           178.220245E-03  




