
                     X                   AVERAGE_SDV3             AVERAGE_SDV4             AVERAGE_SDV5             AVERAGE_SDV9            AVERAGE_SDV10            AVERAGE_SDV11     

                   0.                       0.                       0.                       0.                       0.                       0.                       0.            
                 120.                       5.76992702               4.82478333             945.995728E-03           736.168274E-03           615.608704E-03           120.646729E-03  
                 600.                       8.28093815               6.97611046               1.30488181               1.05638254             890.148926E-03           166.422974E-03  
                   1.79999995E+03           8.42418289               7.09772253               1.32512355               1.07456517             906.122375E-03           168.988342E-03  
                   7.19999981E+03           8.42419624               7.09774065               1.32527447               1.07456577             906.122864E-03           168.988373E-03  




