
                     X                   AVERAGE_SDV3             AVERAGE_SDV4             AVERAGE_SDV5             AVERAGE_SDV9            AVERAGE_SDV10            AVERAGE_SDV11     

                   0.                       0.                       0.                       0.                       0.                       0.                       0.            
                 120.                       5.79861546               4.84958553             949.755493E-03           739.802612E-03           618.643372E-03           121.14933E-03   
                 600.                       9.60869122               8.11385441               1.49423015               1.22566462               1.03508663             190.606857E-03  
                   1.79999995E+03          10.6832237                9.03486061               1.64781821               1.36288905               1.15268183             210.25946E-03   
                   7.19999981E+03          10.7166481                9.06248856               1.65233028               1.36712205               1.15623057             210.827148E-03  




