
                     X                   AVERAGE_SDV3             AVERAGE_SDV4             AVERAGE_SDV5             AVERAGE_SDV9            AVERAGE_SDV10            AVERAGE_SDV11     

                   0.                       0.                       0.                       0.                       0.                       0.                       0.            
                 120.                       4.02033234               3.3242557              695.328735E-03           512.924561E-03           424.151703E-03            88.6954041E-03 
                 600.                       6.25753355               5.24334812               1.01546431             798.423523E-03           668.859802E-03           129.535416E-03  
                   1.79999995E+03           8.83150101               7.44818974               1.38335359               1.12653589             950.125427E-03           176.487625E-03  
                   7.19999981E+03          10.2252493                8.6419487                1.58253968               1.30410206               1.10254824             201.850342E-03  




