
                     X                   AVERAGE_SDV3             AVERAGE_SDV4             AVERAGE_SDV5             AVERAGE_SDV9            AVERAGE_SDV10            AVERAGE_SDV11     

                   0.                       0.                       0.                       0.                       0.                       0.                       0.            
                 120.                       5.74833918               4.80678034             942.651733E-03           733.44635E-03            613.241394E-03           120.269875E-03  
                 600.                       8.24974918               6.95109224               1.30011153               1.05239868             886.717896E-03           165.859482E-03  
                   1.79999995E+03           8.39281654               7.07475138               1.32039106               1.07061732             902.343628E-03           168.461426E-03  
                   7.19999981E+03           8.3928566                7.0747571                1.32039559               1.07063949             902.343689E-03           168.465134E-03  




