
                     X                   AVERAGE_SDV3             AVERAGE_SDV4             AVERAGE_SDV5             AVERAGE_SDV9            AVERAGE_SDV10            AVERAGE_SDV11     

                   0.                       0.                       0.                       0.                       0.                       0.                       0.            
                 120.                       5.42668056               4.53144646             896.810608E-03           692.533813E-03           578.166809E-03           114.390335E-03  
                 600.                       9.1869688                7.75551939               1.43408382               1.1723063              989.471436E-03           183.006607E-03  
                   1.79999995E+03          11.3394461                9.59843636               1.7414062                1.44682741               1.22465754             222.202927E-03  
                   7.19999981E+03          11.5962925                9.82180309               1.77832699               1.48039019               1.2535516              227.018753E-03  




