
                     X                   AVERAGE_SDV3             AVERAGE_SDV4             AVERAGE_SDV5             AVERAGE_SDV9            AVERAGE_SDV10            AVERAGE_SDV11     

                   0.                       0.                       0.                       0.                       0.                       0.                       0.            
                 120.                       5.26103544               4.38848877             872.608704E-03           671.111755E-03           559.789062E-03           111.340866E-03  
                 600.                       8.89330578               7.50315046               1.39205599               1.13472986             957.356689E-03           177.592682E-03  
                   1.79999995E+03          11.0641422                9.36279106               1.70199633               1.41166592               1.19450474             217.13887E-03   
                   7.19999981E+03          11.3463469                9.60599232               1.74245405               1.44823635               1.22619915             222.292801E-03  




