
                     X                   AVERAGE_SDV3             AVERAGE_SDV4             AVERAGE_SDV5             AVERAGE_SDV9            AVERAGE_SDV10            AVERAGE_SDV11     

                   0.                       0.                       0.                       0.                       0.                       0.                       0.            
                 120.                       5.7755723                4.82849836             946.354797E-03           736.813538E-03           616.026367E-03           120.735939E-03  
                 600.                       9.0545826                7.63857269               1.41502535               1.15502453             974.614685E-03           180.524155E-03  
                   1.79999995E+03           9.53020191               8.04624367               1.4827503                1.21546233               1.02642989             189.160187E-03  
                   7.19999981E+03           9.53128719               8.04788113               1.48342645               1.21601641               1.02699745             189.30098E-03   




