
                     X                   AVERAGE_SDV3             AVERAGE_SDV4             AVERAGE_SDV5             AVERAGE_SDV9            AVERAGE_SDV10            AVERAGE_SDV11     

                   0.                       0.                       0.                       0.                       0.                       0.                       0.            
                 120.                       4.05332613               3.35326362             700.169006E-03           517.146423E-03           427.826782E-03            89.3036194E-03 
                 600.                       6.38760424               5.35471916               1.03414845             815.194031E-03           683.214966E-03           131.921661E-03  
                   1.79999995E+03           8.94243526               7.54380083               1.39905512               1.14065206             962.307556E-03           178.475098E-03  
                   7.19999981E+03          10.1673832                8.59471703               1.57408631               1.29720342               1.09627497             200.833969E-03  




