
                     X                   AVERAGE_SDV3             AVERAGE_SDV4             AVERAGE_SDV5             AVERAGE_SDV9            AVERAGE_SDV10            AVERAGE_SDV11     

                   0.                       0.                       0.                       0.                       0.                       0.                       0.            
                 120.                       5.18994665               4.32689714             862.556213E-03           662.023315E-03           552.06488E-03            110.032394E-03  
                 600.                       7.97982645               6.71816874               1.2614069                1.01799464             857.153442E-03           160.927673E-03  
                   1.79999995E+03           8.31256199               7.00208282               1.30880523               1.06046569             893.399963E-03           166.996338E-03  
                   7.19999981E+03           8.31271362               7.00326157               1.30892766               1.06076145             894.015869E-03           167.001053E-03  




