
                     X                   AVERAGE_SDV3             AVERAGE_SDV4             AVERAGE_SDV5             AVERAGE_SDV9            AVERAGE_SDV10            AVERAGE_SDV11     

                   0.                       0.                       0.                       0.                       0.                       0.                       0.            
                 120.                       4.24763727               3.51913762             727.961487E-03           541.878845E-03           448.990295E-03            92.8629456E-03 
                 600.                       6.64766026               5.57612705               1.0712558              848.180969E-03           711.416748E-03           136.637924E-03  
                   1.79999995E+03           7.00149727               5.87916803               1.12176931             893.288513E-03           750.181824E-03           143.095291E-03  
                   7.19999981E+03           7.00339556               5.88007307               1.12236106             894.017029E-03           750.465942E-03           143.114868E-03  




