
                     X                   AVERAGE_SDV3             AVERAGE_SDV4             AVERAGE_SDV5             AVERAGE_SDV9            AVERAGE_SDV10            AVERAGE_SDV11     

                   0.                       0.                       0.                       0.                       0.                       0.                       0.            
                 120.                       8.11188984               6.8316288                1.28025961               1.03498626             871.758362E-03           163.377335E-03  
                 600.                      11.8780613               10.0586052                1.81844616               1.51529706               1.28362381             232.016663E-03  
                   1.79999995E+03          12.1348085               10.2818909                1.85551739               1.54807651               1.31231546             236.798126E-03  
                   7.19999981E+03          12.1348267               10.2819395                1.85551989               1.54807854               1.31241143             236.808701E-03  




