
                     X                   AVERAGE_SDV3             AVERAGE_SDV4             AVERAGE_SDV5             AVERAGE_SDV9            AVERAGE_SDV10            AVERAGE_SDV11     

                   0.                       0.                       0.                       0.                       0.                       0.                       0.            
                 120.                       4.01877165               3.32381463             695.211243E-03           512.649109E-03           424.100525E-03            88.6728363E-03 
                 600.                       6.25397062               5.23837948               1.01487398             797.865967E-03           668.417664E-03           129.452515E-03  
                   1.79999995E+03           8.8294878                7.44547415               1.38299489               1.12631631             950.000427E-03           176.385071E-03  
                   7.19999981E+03          10.2288351                8.64492226               1.58307505               1.30509257               1.10310793             201.919174E-03  




