
                     X                   AVERAGE_SDV3             AVERAGE_SDV4             AVERAGE_SDV5             AVERAGE_SDV9            AVERAGE_SDV10            AVERAGE_SDV11     

                   0.                       0.                       0.                       0.                       0.                       0.                       0.            
                 120.                       5.37454367               4.48592091             889.33136E-03            685.843262E-03           572.287537E-03           113.444748E-03  
                 600.                       8.21661186               6.92050076               1.29533243               1.04836571             882.966736E-03           165.239883E-03  
                   1.79999995E+03           8.53263283               7.19119787               1.34053218               1.08881021             917.906006E-03           171.027878E-03  
                   7.19999981E+03           8.53388309               7.19158792               1.34090316               1.08941698             917.944824E-03           171.036346E-03  




