
                     X                   AVERAGE_SDV3             AVERAGE_SDV4             AVERAGE_SDV5             AVERAGE_SDV9            AVERAGE_SDV10            AVERAGE_SDV11     

                   0.                       0.                       0.                       0.                       0.                       0.                       0.            
                 120.                       4.53724241               3.76817679             769.331177E-03           578.751282E-03           480.606232E-03            98.1030426E-03 
                 600.                       7.56331491               6.35944939               1.20176327             964.696594E-03           811.378906E-03           153.35231E-03   
                   1.79999995E+03           9.85033703               8.32134724               1.52887785               1.256634                 1.06170976             195.058167E-03  
                   7.19999981E+03          10.3430691                8.73972893               1.59854746               1.31923819               1.1151104              203.993851E-03  




