
                     X                   AVERAGE_SDV3             AVERAGE_SDV4             AVERAGE_SDV5             AVERAGE_SDV9            AVERAGE_SDV10            AVERAGE_SDV11     

                   0.                       0.                       0.                       0.                       0.                       0.                       0.            
                 120.                       6.75162458               5.66465092               1.0858475              861.220947E-03           722.710388E-03           138.508133E-03  
                 600.                      10.6818218                9.03244781               1.64752221               1.36255395               1.15237474             210.183182E-03  
                   1.79999995E+03          11.2994881                9.56365776               1.73573661               1.4415015                1.21999943             221.428207E-03  
                   7.19999981E+03          11.3098669                9.56542492               1.73722351               1.44171417               1.22027826             221.579422E-03  




