
                     X                   AVERAGE_SDV3             AVERAGE_SDV4             AVERAGE_SDV5             AVERAGE_SDV9            AVERAGE_SDV10            AVERAGE_SDV11     

                   0.                       0.                       0.                       0.                       0.                       0.                       0.            
                 120.                       3.9037962                3.22470832             678.83374E-03            498.105499E-03           411.381348E-03            86.578743E-03  
                 600.                       6.57805347               5.51841545               1.06128824             839.257629E-03           703.863953E-03           135.381241E-03  
                   1.79999995E+03           8.12574768               6.84557676               1.28242671               1.03670263             873.109314E-03           163.586243E-03  
                   7.19999981E+03           8.31537342               7.01136875               1.30972946               1.06107771             894.139771E-03           167.035248E-03  




