
                     X                   AVERAGE_SDV3             AVERAGE_SDV4             AVERAGE_SDV5             AVERAGE_SDV9            AVERAGE_SDV10            AVERAGE_SDV11     

                   0.                       0.                       0.                       0.                       0.                       0.                       0.            
                 120.                       4.18605232               3.4679935              719.2724E-03             534.11792E-03            442.395508E-03            91.7693634E-03 
                 600.                       6.65641117               5.58271933               1.07239306             849.319397E-03           712.526184E-03           136.817886E-03  
                   1.79999995E+03           9.25660706               7.81143761               1.44403923               1.18081474             996.730042E-03           184.20224E-03   
                   7.19999981E+03          10.401639                 8.79318619               1.60749745               1.32691503               1.12185204             205.099594E-03  




