
                     X                   AVERAGE_SDV3             AVERAGE_SDV4             AVERAGE_SDV5             AVERAGE_SDV9            AVERAGE_SDV10            AVERAGE_SDV11     

                   0.                       0.                       0.                       0.                       0.                       0.                       0.            
                 120.                       3.70569515               3.05510259             650.499146E-03           472.798187E-03           389.809906E-03            82.9899063E-03 
                 600.                       6.11956215               5.12391281             995.845886E-03           780.946716E-03           653.863831E-03           127.045273E-03  
                   1.79999995E+03           8.0783577                6.80331993               1.27553809               1.03084815             867.999634E-03           162.778687E-03  
                   7.19999981E+03           8.56332779               7.2191658                1.34504199               1.09288621             921.434143E-03           171.596939E-03  




