
                     X                   AVERAGE_SDV3             AVERAGE_SDV4             AVERAGE_SDV5             AVERAGE_SDV9            AVERAGE_SDV10            AVERAGE_SDV11     

                   0.                       0.                       0.                       0.                       0.                       0.                       0.            
                 120.                       4.05742121               3.35582876             700.709473E-03           517.655029E-03           428.298431E-03            89.3858643E-03 
                 600.                       6.39937973               5.36459684               1.03578389             816.687256E-03           684.278076E-03           132.12326E-03   
                   1.79999995E+03           8.95104408               7.55315018               1.4004662                1.14218843             963.449951E-03           178.66954E-03   
                   7.19999981E+03          10.1686382                8.59629536               1.57433331               1.29745078               1.09650278             200.859848E-03  




