
                     X                   AVERAGE_SDV3             AVERAGE_SDV4             AVERAGE_SDV5             AVERAGE_SDV9            AVERAGE_SDV10            AVERAGE_SDV11     

                   0.                       0.                       0.                       0.                       0.                       0.                       0.            
                 120.                       4.05971098               3.35761166             700.791565E-03           517.74823E-03            428.395966E-03            89.4232025E-03 
                 600.                       6.40309477               5.36647272               1.03598309             816.782654E-03           684.562378E-03           132.176102E-03  
                   1.79999995E+03           8.95674324               7.55586672               1.40119958               1.14262509             963.74054E-03            178.737274E-03  
                   7.19999981E+03          10.1737585                8.59931564               1.57526958               1.29803479               1.09698904             200.93631E-03   




