
                     X                   AVERAGE_SDV3             AVERAGE_SDV4             AVERAGE_SDV5             AVERAGE_SDV9            AVERAGE_SDV10            AVERAGE_SDV11     

                   0.                       0.                       0.                       0.                       0.                       0.                       0.            
                 120.                       3.99320078               3.30213809             691.158569E-03           509.511597E-03           421.175293E-03            88.1593399E-03 
                 600.                       4.84847116               4.03515482             813.712585E-03           618.583252E-03           514.774353E-03           103.792976E-03  
                   1.79999995E+03           6.5223341                5.46914482               1.05289912             832.080811E-03           697.758667E-03           134.320038E-03  
                   7.19999981E+03          10.1684752                8.59606361               1.57429659               1.29728663               1.09657228             200.846298E-03  




