
                     X                   AVERAGE_SDV3             AVERAGE_SDV4             AVERAGE_SDV5             AVERAGE_SDV9            AVERAGE_SDV10            AVERAGE_SDV11     

                   0.                       0.                       0.                       0.                       0.                       0.                       0.            
                 120.                       4.04606199               3.34829402             699.227905E-03           516.254395E-03           427.182373E-03            89.187561E-03  
                 600.                       6.34773302               5.31918573               1.02832854             809.928345E-03           678.676697E-03           131.184662E-03  
                   1.79999995E+03           8.91478252               7.52041435               1.39541638               1.13747883             959.315979E-03           177.990952E-03  
                   7.19999981E+03          10.2081747                8.63004303               1.58018088               1.30260479               1.10092342             201.56163E-03   




