
                     X                   AVERAGE_SDV3             AVERAGE_SDV4             AVERAGE_SDV5             AVERAGE_SDV9            AVERAGE_SDV10            AVERAGE_SDV11     

                   0.                       0.                       0.                       0.                       0.                       0.                       0.            
                 120.                       4.05824947               3.35764909             700.796692E-03           517.729248E-03           428.362579E-03            89.4207306E-03 
                 600.                       6.40235281               5.36576653               1.03594494             816.814392E-03           684.627441E-03           132.176224E-03  
                   1.79999995E+03           8.95559883               7.55480576               1.40082538               1.14259934             963.692993E-03           178.729874E-03  
                   7.19999981E+03          10.171999                 8.59753513               1.57470095               1.29790235               1.09680831             200.906937E-03  




