
                     X                   AVERAGE_SDV3             AVERAGE_SDV4             AVERAGE_SDV5             AVERAGE_SDV9            AVERAGE_SDV10            AVERAGE_SDV11     

                   0.                       0.                       0.                       0.                       0.                       0.                       0.            
                 120.                       4.0595274                3.35801363             700.912537E-03           517.889709E-03           428.541809E-03            89.4377823E-03 
                 600.                       6.4023881                5.36654472               1.03604925             816.783203E-03           684.554077E-03           132.183441E-03  
                   1.79999995E+03           8.95727921               7.55612898               1.4012742                1.1427058              963.863953E-03           178.751068E-03  
                   7.19999981E+03          10.1753349                8.60069752               1.57543325               1.29825461               1.09716952             200.969299E-03  




