
                     X                   AVERAGE_SDV3             AVERAGE_SDV4             AVERAGE_SDV5             AVERAGE_SDV9            AVERAGE_SDV10            AVERAGE_SDV11     

                   0.                       0.                       0.                       0.                       0.                       0.                       0.            
                 120.                       2.46785736               1.99413216             473.249359E-03           314.703857E-03           254.358765E-03            60.3736267E-03 
                 600.                       3.34029078               2.74165964             598.184143E-03           426.098236E-03           349.825317E-03            76.2931519E-03 
                   1.79999995E+03           4.76078176               3.95885134             801.571289E-03           607.325439E-03           505.149841E-03           102.24292E-03   
                   7.19999981E+03           6.63705063               5.56780624               1.06989181             846.932251E-03           710.300415E-03           136.465546E-03  




