
                     X                   AVERAGE_SDV3             AVERAGE_SDV4             AVERAGE_SDV5             AVERAGE_SDV9            AVERAGE_SDV10            AVERAGE_SDV11     

                   0.                       0.                       0.                       0.                       0.                       0.                       0.            
                 120.                       4.03757381               3.34000325             697.884521E-03           515.06958E-03            426.115784E-03            89.0263901E-03 
                 600.                       6.33952665               5.3133812                1.02702391             808.619934E-03           677.76001E-03            131.016235E-03  
                   1.79999995E+03           8.89780521               7.50421429               1.39262486               1.13502812             957.328796E-03           177.667938E-03  
                   7.19999981E+03          10.1742506                8.59910965               1.57521892               1.29808092               1.09704316             200.941833E-03  




