
                     X                   AVERAGE_SDV3             AVERAGE_SDV4             AVERAGE_SDV5             AVERAGE_SDV9            AVERAGE_SDV10            AVERAGE_SDV11     

                   0.                       0.                       0.                       0.                       0.                       0.                       0.            
                 120.                       4.02044344               3.32428098             695.338562E-03           512.927612E-03           424.157593E-03            88.6958466E-03 
                 600.                       6.25767899               5.24341154               1.01547515             798.435486E-03           668.890869E-03           129.536163E-03  
                   1.79999995E+03           8.83197975               7.44843054               1.38337946               1.12657309             950.159485E-03           176.499435E-03  
                   7.19999981E+03          10.2255392                8.64270401               1.58258677               1.30425274               1.10261571             201.865372E-03  




