
                     X                   AVERAGE_SDV3             AVERAGE_SDV4             AVERAGE_SDV5             AVERAGE_SDV9            AVERAGE_SDV10            AVERAGE_SDV11     

                   0.                       0.                       0.                       0.                       0.                       0.                       0.            
                 120.                       3.45418286               2.84040475             614.152283E-03           440.638641E-03           362.32547E-03             78.3298569E-03 
                 600.                       3.82676125               3.15958643             667.702087E-03           488.150299E-03           402.985382E-03            85.1772919E-03 
                   1.79999995E+03           4.64713192               3.86367512             785.157715E-03           592.874573E-03           492.786743E-03           100.165878E-03  
                   7.19999981E+03           7.1301012                5.98969269               1.13996291             909.493958E-03           764.1828E-03             145.443314E-03  




