
                     X                   displacement                force         

                   0.                       0.                       1.30514491    
                  50.0064812E-06           12.5014105E-03          113.076614      
                 100.006401E-06            25.0034904E-03          452.016785      
                 150.010574E-06            37.4986954E-03          456.006287      
                 200.007935E-06            49.9883499E-03          760.12738       
                 250.00528E-06             62.4780312E-03          793.931274      
                 300.002625E-06            74.9676514E-03          995.774414      
                 350.E-06                  87.4573288E-03            1.44305038E+03
                 400.008179E-06            99.9496765E-03            1.34597826E+03
                 450.005524E-06           112.439377E-03             1.62130368E+03
                 500.002869E-06           124.928963E-03             1.6130507E+03 
                 550.000244E-06           137.418686E-03             1.84624767E+03
                 600.008423E-06           149.91098E-03              2.12161016E+03
                 650.005737E-06           162.400711E-03             2.15903354E+03
                 700.003174E-06           174.890335E-03             2.56572366E+03
                 750.000488E-06           187.38002E-03              2.54439616E+03
                 800.008667E-06           199.872452E-03             2.83260202E+03
                 850.005981E-06           212.361969E-03             2.94282246E+03
                 900.003357E-06           224.851639E-03             2.97835326E+03
                 950.000732E-06           237.357773E-03             3.42468238E+03
                   1.00000894E-03         249.884598E-03             3.48100877E+03
                   1.05000627E-03         262.408691E-03             3.66139364E+03
                   1.1000036E-03          274.932739E-03             3.77065802E+03
                   1.15000093E-03         287.456665E-03             3.93536949E+03
                   1.20000911E-03         299.983521E-03             4.30454016E+03
                   1.25000644E-03         312.507629E-03             4.29999018E+03
                   1.30000389E-03         325.031708E-03             4.62056971E+03
                   1.35000122E-03         337.555847E-03             4.71462679E+03
                   1.40000939E-03         350.082428E-03             4.78359556E+03
                   1.45000672E-03         362.606628E-03             5.10592318E+03
                   1.50000405E-03         375.130646E-03             5.05287504E+03
                   1.55000138E-03         387.654663E-03             5.47854042E+03
                   1.60000968E-03         400.181488E-03             5.64526558E+03
                   1.65000701E-03         412.705475E-03             5.80761814E+03
                   1.70000434E-03         425.229706E-03             5.94787121E+03
                   1.75000167E-03         437.753693E-03             5.93651485E+03
                   1.80000985E-03         450.280426E-03             6.39051676E+03
                   1.85000718E-03         462.804749E-03             6.37126589E+03
                   1.90000463E-03         475.328491E-03             6.62480402E+03
                   1.95000196E-03         487.852997E-03             6.87209082E+03
                   2.0000093E-03          500.507172E-03             6.91074181E+03
                   2.05000472E-03         513.166687E-03             7.23272562E+03
                   2.0999999E-03          525.826416E-03             7.25767803E+03
                   2.15000582E-03         538.488647E-03             7.49344158E+03
                   2.20000124E-03         551.148499E-03             7.73518515E+03
                   2.25000715E-03         563.811035E-03             7.82399035E+03
                   2.30000234E-03         576.470459E-03             8.08687115E+03
                   2.35000825E-03         589.133057E-03             8.01832962E+03
                   2.40000367E-03         601.79248E-03              8.33392143E+03
                   2.45000958E-03         614.455078E-03             8.59296989E+03
                   2.50000477E-03         627.114563E-03             8.63559055E+03
                   2.55000019E-03         639.774292E-03             8.98237324E+03
                   2.6000061E-03          652.437012E-03             8.9503231E+03 
                   2.65000129E-03         665.096313E-03             9.22311878E+03
                   2.7000072E-03          677.758972E-03             9.40811157E+03
                   2.75000262E-03         690.418274E-03             9.42658043E+03
                   2.80000854E-03         703.080933E-03             9.74827003E+03
                   2.85000372E-03         715.740234E-03             9.76318836E+03
                   2.90000963E-03         728.403015E-03            10.0438471E+03 
                   2.95000505E-03         741.062378E-03            10.0754662E+03 
                   3.00000024E-03         753.72229E-03             10.118227E+03  
                   3.05000615E-03         766.384338E-03            10.4313202E+03 
                   3.10000157E-03         779.044373E-03            10.2843132E+03 
                   3.15000749E-03         791.706665E-03            10.534852E+03  
                   3.20000267E-03         804.366394E-03            10.5505743E+03 
                   3.25000858E-03         817.028625E-03            10.5797424E+03 
                   3.30000401E-03         829.688354E-03            10.7423906E+03 
                   3.35000992E-03         842.350647E-03            10.669282E+03  
                   3.4000051E-03          855.010498E-03            10.8786812E+03 
                   3.45000052E-03         867.670044E-03            10.7424488E+03 
                   3.50000644E-03         880.332764E-03            10.9475679E+03 
                   3.55000162E-03         892.992065E-03            10.9152517E+03 
                   3.60000753E-03         905.654785E-03            10.901124E+03  
                   3.65000296E-03         918.314026E-03            11.0967102E+03 
                   3.70000887E-03         930.976746E-03            10.9036713E+03 
                   3.75000405E-03         943.539062E-03            11.1521788E+03 
                   3.80000997E-03         956.062378E-03            11.009922E+03  
                   3.85000539E-03         968.582764E-03            11.1187439E+03 
                   3.90000057E-03         981.10376E-03             11.1211872E+03 
                   3.95000672E-03         993.627014E-03            11.0887728E+03 
                   4.00000191E-03           1.00614738              11.1889954E+03 
                   4.05000782E-03           1.01867092              11.075182E+03  
                   4.10000324E-03           1.03119099              11.2297668E+03 
                   4.15000916E-03           1.0437144               11.0528564E+03 
                   4.20000458E-03           1.05623448              11.2409191E+03 
                   4.25E-03                 1.06875575              11.0585842E+03 
                   4.30000591E-03           1.08127916              11.1769495E+03 
                   4.35000086E-03           1.09379947              11.1129913E+03 
                   4.40000677E-03           1.10632277              11.0683908E+03 
                   4.45000219E-03           1.11884308              11.1343117E+03 
                   4.50000811E-03           1.13136661              11.0079985E+03 
                   4.55000353E-03           1.14388669              11.0814724E+03 
                   4.60000944E-03           1.1564101               10.9599476E+03 
                   4.65000486E-03           1.16893041              11.038928E+03  
                   4.69999981E-03           1.18145144              10.859479E+03  
                   4.75000572E-03           1.19397414              11.0089178E+03 
                   4.80000114E-03           1.20649517              10.7694225E+03 
                   4.85000706E-03           1.21901846              10.9132223E+03 
                   4.90000248E-03           1.23153889              10.7215414E+03 
                   4.95000839E-03           1.24406219              10.7905769E+03 
                   5.00000381E-03           1.2565825               10.6461229E+03 
                   5.05000973E-03           1.26910567              10.6924839E+03 
                   5.10000467E-03           1.28162622              10.5332022E+03 
                   5.1500001E-03            1.29414713              10.5968189E+03 
                   5.20000601E-03           1.30667078              10.4126072E+03 
                   5.25000143E-03           1.31896985              10.478404E+03  
                   5.30000877E-03           1.33145368              10.2920065E+03 
                   5.35000229E-03           1.34416068              10.3257275E+03 
                   5.40000582E-03           1.35656142              10.1659632E+03 
                   5.45000505E-03           1.36917627              10.1593046E+03 
                   5.50000477E-03           1.38172305              10.0026226E+03 
                   5.55000353E-03           1.39394605               9.99448204E+03
                   5.6000061E-03            1.40663779               9.81157875E+03
                   5.65000916E-03           1.41911852               9.80216026E+03
                   5.70000744E-03           1.43150675               9.63187122E+03
                   5.75000525E-03           1.44409311               9.56477261E+03
                   5.80000257E-03           1.45653772               9.44730663E+03
                   5.85000181E-03           1.46904516               9.30262089E+03
                   5.90000677E-03           1.48167849               9.23833656E+03
                   5.95000553E-03           1.49430084               9.04199505E+03
                   6.00000477E-03           1.50672424               8.98284626E+03
                   6.05000496E-03           1.51897192               8.79892349E+03
                   6.1000061E-03            1.53177249               8.6970768E+03 
                   6.15000677E-03           1.54437113               8.54970741E+03
                   6.20000029E-03           1.55676925               8.40962505E+03
                   6.25000095E-03           1.56905329               8.2893877E+03 
                   6.30000114E-03           1.58167899               8.13157654E+03
                   6.3500061E-03            1.59447992               8.00267696E+03
                   6.40000391E-03           1.60690176               7.85540152E+03
                   6.45000219E-03           1.61927426               7.72371244E+03
                   6.5E-03                  1.63162482               7.58402824E+03
                   6.55000401E-03           1.643978                 7.45198727E+03
                   6.5999999E-03            1.65677655               7.30715609E+03
                   6.65000248E-03           1.66957819               7.17999458E+03
                   6.70000553E-03           1.68209195               7.0449481E+03 
                   6.75000143E-03           1.69443417               6.91901541E+03
                   6.80000448E-03           1.70677698               6.79997253E+03
                   6.85000563E-03           1.71912014               6.67725325E+03
                   6.900002E-03             1.731462                 6.56825972E+03
                   6.95000076E-03           1.74348438               6.45423079E+03
                   7.00000143E-03           1.75628412               6.34475899E+03
                   7.05000257E-03           1.76908481               6.23782635E+03
                   7.10000324E-03           1.78188443               6.13246536E+03
                   7.15000439E-03           1.79468524               6.03498697E+03
                   7.20000505E-03           1.80748487               5.94059706E+03
                   7.25000048E-03           1.82028341               5.84772682E+03
                   7.30000114E-03           1.83308411               5.76307678E+03
                   7.35000181E-03           1.84579468               5.68050814E+03
                   7.40000296E-03           1.85806179               5.60226631E+03
                   7.45000362E-03           1.87032819               5.53095579E+03
                   7.50000429E-03           1.88259518               5.46047592E+03
                   7.55000162E-03           1.89512229               5.39224291E+03
                   7.5999999E-03            1.90792096               5.3251915E+03 
                   7.65000391E-03           1.92072272               5.26029682E+03
                   7.70000219E-03           1.93344772               5.20087624E+03
                   7.75000095E-03           1.94566464               5.14281607E+03
                   7.80000448E-03           1.95788467               5.08860254E+03
                   7.85000229E-03           1.97101867               5.03396559E+03
                   7.90000057E-03           1.98413074               4.97956848E+03
                   7.95000315E-03           1.99693036               4.92868471E+03
                   8.00000095E-03           2.00870991               4.88368559E+03
                   8.05000401E-03           2.02023196               4.84068251E+03
                   8.10000229E-03           2.03175068               4.79895067E+03
                   8.15000057E-03           2.04327035               4.75780106E+03
                   8.20000267E-03           2.05479074               4.71787167E+03
                   8.25000095E-03           2.06631064               4.68027258E+03
                   8.30000401E-03           2.07783127               4.64295721E+03
                   8.35000134E-03           2.08935142               4.60776091E+03
                   8.39999962E-03           2.10087109               4.57386541E+03
                   8.45000267E-03           2.11239147               4.54065418E+03
                   8.5E-03                  2.12390995               4.50793839E+03
                   8.55000305E-03           2.13543057               4.47616005E+03
                   8.60000134E-03           2.14695001               4.44491768E+03
                   8.65000439E-03           2.15847111               4.41501284E+03
                   8.69999981E-03           2.17225933               4.38073206E+03
                   8.75000095E-03           2.18665981               4.34684992E+03
                   8.8000021E-03            2.20105863               4.31432247E+03
                   8.85000229E-03           2.21441674               4.28263855E+03
                   8.89999962E-03           2.22721577               4.25237942E+03
                   8.95000076E-03           2.2400167                4.2237134E+03 
                   9.00000191E-03           2.2528162                4.19487429E+03
                   9.0500021E-03            2.26561713               4.1674695E+03 
                   9.09999943E-03           2.27841592               4.14050484E+03
                   9.14999962E-03           2.29134846               4.11434364E+03
                   9.19999981E-03           2.30628228               4.09034061E+03
                   9.25000095E-03           2.32121634               4.0681963E+03 
                   9.3000021E-03            2.33615041               4.04645157E+03
                   9.35000038E-03           2.35108209               4.02372742E+03
                   9.40000057E-03           2.36601639               4.00165176E+03
                   9.45000172E-03           2.38095069               3.98036003E+03
                   9.5E-03                  2.39588189               3.95854974E+03
                   9.55000019E-03           2.41081643               3.93949676E+03
                   9.60000134E-03           2.42575049               3.91949606E+03
                   9.64999962E-03           2.4406817                3.89981699E+03
                   9.70000076E-03           2.45561624               3.88077688E+03
                   9.75000095E-03           2.4705503                3.86305571E+03
                   9.79999924E-03           2.48548222               3.84891343E+03
                   9.85000038E-03           2.50041628               3.83519077E+03
                   9.90000057E-03           2.5153501                3.81920147E+03
                   9.95000172E-03           2.53028393               3.80431342E+03
                  10.E-03                   2.5441668                3.78930879E+03




