
                     X                   AVERAGE_SDV3             AVERAGE_SDV4             AVERAGE_SDV5             AVERAGE_SDV9            AVERAGE_SDV10            AVERAGE_SDV11     

                   0.                       0.                       0.                       0.                       0.                       0.                       0.            
                 120.                       3.37293696               2.76935315             602.60553E-03            430.178528E-03           353.259857E-03            76.8808823E-03 
                 600.                       4.48641825               3.72439218             762.169739E-03           572.378296E-03           475.166962E-03            97.2254486E-03 
                   1.79999995E+03           6.37318563               5.34126091               1.03183222             813.017883E-03           681.430237E-03           131.63765E-03   
                   7.19999981E+03           9.14681244               7.71801996               1.42813194               1.16654205             984.580383E-03           182.19101E-03   




