
                     X                   AVERAGE_SDV3             AVERAGE_SDV4             AVERAGE_SDV5             AVERAGE_SDV9            AVERAGE_SDV10            AVERAGE_SDV11     

                   0.                       0.                       0.                       0.                       0.                       0.                       0.            
                 120.                       4.03710365               3.33970165             697.865417E-03           515.041687E-03           426.127502E-03            89.0199661E-03 
                 600.                       6.33837986               5.31103039               1.0269016              808.484619E-03           677.684265E-03           130.99382E-03   
                   1.79999995E+03           8.89676189               7.50350237               1.39252841               1.13493907             957.268677E-03           177.644653E-03  
                   7.19999981E+03          10.1749315                8.60103798               1.57545316               1.2982353                1.09712029             200.957138E-03  




