
                     X                   AVERAGE_SDV3             AVERAGE_SDV4             AVERAGE_SDV5             AVERAGE_SDV9            AVERAGE_SDV10            AVERAGE_SDV11     

                   0.                       0.                       0.                       0.                       0.                       0.                       0.            
                 120.                       4.21807194               3.49439383             723.667358E-03           538.025757E-03           445.731567E-03            92.3242645E-03 
                 600.                       6.72386122               5.6413579                1.08190894             857.713013E-03           719.633423E-03           138.044327E-03  
                   1.79999995E+03           9.32919598               7.8764472                1.45413041               1.19019818               1.00459385             185.567719E-03  
                   7.19999981E+03          10.443965                 8.83143616               1.61369419               1.33249068               1.12662911             205.869614E-03  




