
                     X                   AVERAGE_SDV3             AVERAGE_SDV4             AVERAGE_SDV5             AVERAGE_SDV9            AVERAGE_SDV10            AVERAGE_SDV11     

                   0.                       0.                       0.                       0.                       0.                       0.                       0.            
                 120.                       2.71624875               2.20750499             508.916687E-03           346.539185E-03           281.619659E-03            64.9320145E-03 
                 600.                       4.14870024               3.43424082             713.840027E-03           529.248291E-03           438.267365E-03            91.079361E-03  
                   1.79999995E+03           5.87600994               4.91553688             960.844666E-03           749.735107E-03           627.076172E-03           122.599716E-03  
                   7.19999981E+03           6.92600775               5.81519747               1.11106884             883.815125E-03           741.950867E-03           141.757065E-03  




