
                     X                   AVERAGE_SDV3             AVERAGE_SDV4             AVERAGE_SDV5             AVERAGE_SDV9            AVERAGE_SDV10            AVERAGE_SDV11     

                   0.                       0.                       0.                       0.                       0.                       0.                       0.            
                 120.                       4.25028419               3.52239037             728.256592E-03           542.261536E-03           449.229218E-03            92.9139557E-03 
                 600.                       6.67049885               5.59462976               1.0741719              850.936951E-03           713.765015E-03           137.060684E-03  
                   1.79999995E+03           7.03649235               5.90882969               1.12675726             897.670898E-03           753.93457E-03            143.731415E-03  
                   7.19999981E+03           7.04264641               5.91098261               1.12727535             898.314209E-03           754.03125E-03            143.757355E-03  




