
                     X                   AVERAGE_SDV3             AVERAGE_SDV4             AVERAGE_SDV5             AVERAGE_SDV9            AVERAGE_SDV10            AVERAGE_SDV11     

                   0.                       0.                       0.                       0.                       0.                       0.                       0.            
                 120.                       5.00428915               4.16887474             836.418396E-03           638.51355E-03            531.85614E-03            106.690269E-03  
                 600.                       7.70421696               6.48299503               1.22254503             983.04187E-03            827.087585E-03           155.93782E-03   
                   1.79999995E+03           8.03160095               6.76495981               1.26938951               1.02490759             863.080017E-03           161.91954E-03   
                   7.19999981E+03           8.03200245               6.76555634               1.26950836               1.0251447              863.178284E-03           161.963226E-03  




