
                     X                   AVERAGE_SDV3             AVERAGE_SDV4             AVERAGE_SDV5             AVERAGE_SDV9            AVERAGE_SDV10            AVERAGE_SDV11     

                   0.                       0.                       0.                       0.                       0.                       0.                       0.            
                 120.                       4.55811071               3.78588557             772.37854E-03            581.547546E-03           482.87915E-03             98.5254593E-03 
                 600.                       7.48735189               6.29661942               1.19124949             955.309509E-03           803.235046E-03           151.930695E-03  
                   1.79999995E+03           8.2456274                6.94728565               1.29950261               1.05210125             886.17218E-03            165.763168E-03  
                   7.19999981E+03           8.26422977               6.9645257                1.30193985               1.054582               888.276306E-03           166.057419E-03  




