
                     X                   AVERAGE_SDV3             AVERAGE_SDV4             AVERAGE_SDV5             AVERAGE_SDV9            AVERAGE_SDV10            AVERAGE_SDV11     

                   0.                       0.                       0.                       0.                       0.                       0.                       0.            
                 120.                       5.32951307               4.44650888             882.578857E-03           679.929993E-03           567.367798E-03           112.618744E-03  
                 600.                       8.63237762               7.27549076               1.35468578               1.10117614             928.386108E-03           172.8022E-03    
                   1.79999995E+03           9.32757282               7.87170839               1.45427549               1.18987787               1.00450969             185.515152E-03  
                   7.19999981E+03           9.34119034               7.87878656               1.45599437               1.19140458               1.00573254             185.672089E-03  




