
                     X                   AVERAGE_SDV3             AVERAGE_SDV4             AVERAGE_SDV5             AVERAGE_SDV9            AVERAGE_SDV10            AVERAGE_SDV11     

                   0.                       0.                       0.                       0.                       0.                       0.                       0.            
                 120.                       5.53383112               4.62189865             911.803711E-03           705.879883E-03           589.541504E-03           116.331795E-03  
                 600.                       8.93971252               7.54107094               1.39892375               1.14051509             962.049194E-03           178.488174E-03  
                   1.79999995E+03           9.63622952               8.13691139               1.49824619               1.22915673               1.03821099             191.147461E-03  
                   7.19999981E+03           9.64677048               8.1450367                1.49993789               1.23049104               1.03914714             191.375427E-03  




