
                     X                   AVERAGE_SDV3             AVERAGE_SDV4             AVERAGE_SDV5             AVERAGE_SDV9            AVERAGE_SDV10            AVERAGE_SDV11     

                   0.                       0.                       0.                       0.                       0.                       0.                       0.            
                 120.                       4.05345821               3.35337186             700.188416E-03           517.15741E-03            427.833374E-03            89.3061829E-03 
                 600.                       6.3892827                5.35521841               1.0342207              815.31665E-03            683.25531E-03            131.945587E-03  
                   1.79999995E+03           8.94325829               7.54434633               1.39916456               1.1407491              962.389465E-03           178.50824E-03   
                   7.19999981E+03          10.1674767                8.59493351               1.57410181               1.29730773               1.09629309             200.836121E-03  




