
                     X                   AVERAGE_SDV3             AVERAGE_SDV4             AVERAGE_SDV5             AVERAGE_SDV9            AVERAGE_SDV10            AVERAGE_SDV11     

                   0.                       0.                       0.                       0.                       0.                       0.                       0.            
                 120.                       4.03579855               3.33834028             697.752625E-03           514.915588E-03           426.037842E-03            88.9863815E-03 
                 600.                       6.35476398               5.32467699               1.02930188             810.661682E-03           679.468628E-03           131.285873E-03  
                   1.79999995E+03           8.90203285               7.50890303               1.39314187               1.13564849             957.859619E-03           177.762573E-03  
                   7.19999981E+03          10.1404324                8.57023716               1.57016981               1.29358435               1.09320509             200.335022E-03  




