
                     X                   AVERAGE_SDV3             AVERAGE_SDV4             AVERAGE_SDV5             AVERAGE_SDV9            AVERAGE_SDV10            AVERAGE_SDV11     

                   0.                       0.                       0.                       0.                       0.                       0.                       0.            
                 120.                       5.99095011               5.01501656             977.418335E-03           764.246033E-03           639.684814E-03           124.673782E-03  
                 600.                       9.10991287               7.68791866               1.42305839               1.16214025             980.630249E-03           181.53476E-03   
                   1.79999995E+03           9.43747234               7.96849585               1.4695189                1.20348704               1.01605344             187.501007E-03  
                   7.19999981E+03           9.43754578               7.96873522               1.46972036               1.20351207               1.01608205             187.502304E-03  




