
                     X                   AVERAGE_SDV3             AVERAGE_SDV4             AVERAGE_SDV5             AVERAGE_SDV9            AVERAGE_SDV10            AVERAGE_SDV11     

                   0.                       0.                       0.                       0.                       0.                       0.                       0.            
                 120.                       5.18365145               4.32352543             861.809509E-03           661.477112E-03           551.540771E-03           109.972794E-03  
                 600.                       8.64112282               7.28485823               1.35595226               1.10230672             929.334961E-03           172.956573E-03  
                   1.79999995E+03          11.3123016                9.5758028                1.73766589               1.4431318                1.22140825             221.653015E-03  
                   7.19999981E+03          11.9082279               10.0912771                1.82344437               1.51953399               1.28659534             232.52243E-03   




