
                     X                   AVERAGE_SDV3             AVERAGE_SDV4             AVERAGE_SDV5             AVERAGE_SDV9            AVERAGE_SDV10            AVERAGE_SDV11     

                   0.                       0.                       0.                       0.                       0.                       0.                       0.            
                 120.                       4.41483593               3.66313577             751.800537E-03           563.364319E-03           467.334351E-03            95.9090958E-03 
                 600.                       7.45706511               6.27112436               1.1869545              951.531372E-03           799.938049E-03           151.419495E-03  
                   1.79999995E+03           9.16454601               7.73387766               1.43092203               1.16928267             986.497986E-03           182.525314E-03  
                   7.19999981E+03           9.36300182               7.90548563               1.459674                 1.19492769               1.00792801             186.073807E-03  




