
                     X                   AVERAGE_SDV3             AVERAGE_SDV4             AVERAGE_SDV5             AVERAGE_SDV9            AVERAGE_SDV10            AVERAGE_SDV11     

                   0.                       0.                       0.                       0.                       0.                       0.                       0.            
                 120.                       6.96565151               5.84855175               1.11653984             888.58075E-03            746.10321E-03            142.417725E-03  
                 600.                      10.8914833                9.2144146                1.67738485               1.38948917               1.17539406             214.014908E-03  
                   1.79999995E+03          11.4368668                9.68194389               1.75470138               1.45876276               1.23463511             223.904144E-03  
                   7.19999981E+03          11.4376297                9.68515015               1.75495303               1.45972252               1.23475146             224.02179E-03   




