
                     X                   AVERAGE_SDV3             AVERAGE_SDV4             AVERAGE_SDV5             AVERAGE_SDV9            AVERAGE_SDV10            AVERAGE_SDV11     

                   0.                       0.                       0.                       0.                       0.                       0.                       0.            
                 120.                       2.94539428               2.40375781             541.82074E-03            375.895081E-03           306.680176E-03            69.1225586E-03 
                 600.                       3.83643651               3.16680932             669.115601E-03           489.495575E-03           404.10791E-03             85.377861E-03  
                   1.79999995E+03           5.39531279               4.50352812             892.315125E-03           688.382202E-03           574.624878E-03           113.827133E-03  
                   7.19999981E+03           7.91040468               6.65851688               1.25166523               1.00911856             849.44696E-03            159.675797E-03  




