
                     X                   AVERAGE_SDV3             AVERAGE_SDV4             AVERAGE_SDV5             AVERAGE_SDV9            AVERAGE_SDV10            AVERAGE_SDV11     

                   0.                       0.                       0.                       0.                       0.                       0.                       0.            
                 120.                       4.65679598               3.87047958             786.446167E-03           594.111694E-03           493.71109E-03            100.33506E-03   
                 600.                       7.61318588               6.40346098               1.20889533             971.140625E-03           816.823486E-03           154.242889E-03  
                   1.79999995E+03           8.32701397               7.01616573               1.31102407               1.06233358             895.108459E-03           167.270096E-03  
                   7.19999981E+03           8.34353924               7.03043747               1.31283844               1.06422698             896.516479E-03           167.513596E-03  




