
                     X                   AVERAGE_SDV3             AVERAGE_SDV4             AVERAGE_SDV5             AVERAGE_SDV9            AVERAGE_SDV10            AVERAGE_SDV11     

                   0.                       0.                       0.                       0.                       0.                       0.                       0.            
                 120.                       3.78358722               3.12228918             661.45166E-03            482.657135E-03           398.26123E-03             84.4165955E-03 
                 600.                       6.33138514               5.30532074               1.02587962             807.594482E-03           676.882935E-03           130.864227E-03  
                   1.79999995E+03           8.09288216               6.81508827               1.27776217               1.03247809             869.445312E-03           163.013153E-03  
                   7.19999981E+03           8.40629578               7.08208942               1.32287824               1.07252979             903.909058E-03           168.775177E-03  




