
                     X                   AVERAGE_SDV3             AVERAGE_SDV4             AVERAGE_SDV5             AVERAGE_SDV9            AVERAGE_SDV10            AVERAGE_SDV11     

                   0.                       0.                       0.                       0.                       0.                       0.                       0.            
                 120.                       5.77031136               4.82426023             945.815735E-03           736.174377E-03           615.537231E-03           120.622345E-03  
                 600.                       9.01461506               7.60532618               1.40925241               1.15022683             970.265015E-03           179.77478E-03   
                   1.79999995E+03           9.46830082               7.99298716               1.47370374               1.20759201               1.01965547             188.010101E-03  
                   7.19999981E+03           9.46890068               7.99715376               1.47390628               1.20819497               1.0198741              188.026871E-03  




