
                     X                   AVERAGE_SDV3             AVERAGE_SDV4             AVERAGE_SDV5             AVERAGE_SDV9            AVERAGE_SDV10            AVERAGE_SDV11     

                   0.                       0.                       0.                       0.                       0.                       0.                       0.            
                 120.                       4.03313351               3.33608389             697.09729E-03            514.600037E-03           425.636047E-03            88.9318008E-03 
                 600.                       6.34469843               5.31728172               1.02790558             809.488281E-03           678.329651E-03           131.115921E-03  
                   1.79999995E+03           8.89372253               7.50052786               1.39173615               1.13421798             956.793762E-03           177.569885E-03  
                   7.19999981E+03          10.1395311                8.56842613               1.57005405               1.29351771               1.09314847             200.324142E-03  




