
                     X                   AVERAGE_SDV3             AVERAGE_SDV4             AVERAGE_SDV5             AVERAGE_SDV9            AVERAGE_SDV10            AVERAGE_SDV11     

                   0.                       0.                       0.                       0.                       0.                       0.                       0.            
                 120.                       4.05532932               3.35493731             700.528687E-03           517.399719E-03           428.02536E-03             89.3561935E-03 
                 600.                       6.39604282               5.36049271               1.03496635             815.82135E-03            683.809875E-03           132.061844E-03  
                   1.79999995E+03           8.94939709               7.54839182               1.39981806               1.1416688              963.059631E-03           178.632065E-03  
                   7.19999981E+03          10.1719837                8.59749985               1.57464838               1.29789865               1.09680378             200.905655E-03  




