
                     X                   AVERAGE_SDV3             AVERAGE_SDV4             AVERAGE_SDV5             AVERAGE_SDV9            AVERAGE_SDV10            AVERAGE_SDV11     

                   0.                       0.                       0.                       0.                       0.                       0.                       0.            
                 120.                       5.28285122               4.40678167             875.891602E-03           674.000122E-03           562.263489E-03           111.75219E-03   
                 600.                       8.88378239               7.49316454               1.39084589               1.13340044             956.126526E-03           177.450516E-03  
                   1.79999995E+03          10.2426672                8.65862274               1.58497405               1.30704796               1.10480511             202.221375E-03  
                   7.19999981E+03          10.3130455                8.71880054               1.59469581               1.31613994               1.11286724             203.577576E-03  




