
                     X                   AVERAGE_SDV3             AVERAGE_SDV4             AVERAGE_SDV5             AVERAGE_SDV9            AVERAGE_SDV10            AVERAGE_SDV11     

                   0.                       0.                       0.                       0.                       0.                       0.                       0.            
                 120.                       4.94515991               4.11824083             827.803284E-03           630.826111E-03           525.469116E-03           105.619057E-03  
                 600.                       7.23371792               6.07918739               1.1552285              922.963867E-03           775.555664E-03           147.389557E-03  
                   1.79999995E+03           7.39462519               6.2188158                1.17842174             943.479065E-03           793.245972E-03           150.37616E-03   
                   7.19999981E+03           7.39464474               6.21882391               1.17842424             943.481384E-03           793.409546E-03           150.378677E-03  




