
                     X                   AVERAGE_SDV3             AVERAGE_SDV4             AVERAGE_SDV5             AVERAGE_SDV9            AVERAGE_SDV10            AVERAGE_SDV11     

                   0.                       0.                       0.                       0.                       0.                       0.                       0.            
                 120.                       4.76334286               3.9626925              801.875916E-03           607.774353E-03           505.462219E-03           102.285507E-03  
                 600.                       7.76274443               6.53295565               1.23058319             990.252686E-03           833.264893E-03           156.993484E-03  
                   1.79999995E+03           8.45490551               7.12594032               1.32962537               1.07871485             909.013123E-03           169.623169E-03  
                   7.19999981E+03           8.46870708               7.13957977               1.33174753               1.08033085             910.258423E-03           169.887665E-03  




