
                     X                   AVERAGE_SDV3             AVERAGE_SDV4             AVERAGE_SDV5             AVERAGE_SDV9            AVERAGE_SDV10            AVERAGE_SDV11     

                   0.                       0.                       0.                       0.                       0.                       0.                       0.            
                 120.                       4.49018764               3.72727561             762.661255E-03           572.802979E-03           475.469208E-03            97.301033E-03  
                 600.                       7.00916386               5.88494968               1.12279224             894.020264E-03           750.828918E-03           143.244141E-03  
                   1.79999995E+03           7.36508226               6.19041443               1.173666               939.593384E-03           789.86377E-03            149.775528E-03  
                   7.19999981E+03           7.37099886               6.1920352                1.17426765             939.825256E-03           790.452942E-03           149.853851E-03  




