
                     X                   AVERAGE_SDV3             AVERAGE_SDV4             AVERAGE_SDV5             AVERAGE_SDV9            AVERAGE_SDV10            AVERAGE_SDV11     

                   0.                       0.                       0.                       0.                       0.                       0.                       0.            
                 120.                       4.04892206               3.34946012             699.456543E-03           516.457336E-03           427.332245E-03            89.2183151E-03 
                 600.                       6.38409042               5.35079479               1.03341389             814.651062E-03           682.828735E-03           131.850082E-03  
                   1.79999995E+03           8.93295288               7.53636503               1.39769328               1.13964367             961.367004E-03           178.310745E-03  
                   7.19999981E+03          10.1519032                8.58033848               1.57181585               1.2950604                1.09457195             200.508789E-03  




