
                     X                   AVERAGE_SDV3             AVERAGE_SDV4             AVERAGE_SDV5             AVERAGE_SDV9            AVERAGE_SDV10            AVERAGE_SDV11     

                   0.                       0.                       0.                       0.                       0.                       0.                       0.            
                 120.                       6.81708574               5.72259808               1.09538972             869.919678E-03           729.874451E-03           139.751587E-03  
                 600.                      10.5306511                8.90368557               1.6258688                1.3435328                1.13601172             207.455887E-03  
                   1.79999995E+03          10.9823904                9.29255486               1.69105089               1.40154636               1.18537855             215.745575E-03  
                   7.19999981E+03          10.9892578                9.29347992               1.6911993                1.40201581               1.18594944             215.788208E-03  




