
                     X                   AVERAGE_SDV3             AVERAGE_SDV4             AVERAGE_SDV5             AVERAGE_SDV9            AVERAGE_SDV10            AVERAGE_SDV11     

                   0.                       0.                       0.                       0.                       0.                       0.                       0.            
                 120.                       4.04910421               3.350137               699.61676E-03            516.567078E-03           427.316467E-03            89.2207184E-03 
                 600.                       6.3825326                5.35001183               1.03324866             814.302673E-03           682.266785E-03           131.79715E-03   
                   1.79999995E+03           8.93187332               7.53501368               1.39771819               1.1395191              961.199951E-03           178.276749E-03  
                   7.19999981E+03          10.1564064                8.583395                 1.57247639               1.29547608               1.09501886             200.603943E-03  




