
                     X                   AVERAGE_SDV3             AVERAGE_SDV4             AVERAGE_SDV5             AVERAGE_SDV9            AVERAGE_SDV10            AVERAGE_SDV11     

                   0.                       0.                       0.                       0.                       0.                       0.                       0.            
                 120.                       5.6591754                4.73020506             929.830933E-03           721.893494E-03           603.374512E-03           118.609558E-03  
                 600.                       9.29165363               7.84399319               1.44910336               1.18541348               1.00053072             184.862305E-03  
                   1.79999995E+03          10.198328                 8.61965656               1.57855773               1.30114996               1.09959638             201.369965E-03  
                   7.19999981E+03          10.2187386                8.6379652                1.5817951                1.3036083                1.10164356             201.689056E-03  




