
                     X                   AVERAGE_SDV3             AVERAGE_SDV4             AVERAGE_SDV5             AVERAGE_SDV9            AVERAGE_SDV10            AVERAGE_SDV11     

                   0.                       0.                       0.                       0.                       0.                       0.                       0.            
                 120.                       3.30592155               2.71345997             593.123291E-03           421.744141E-03           346.084808E-03            75.6406174E-03 
                 600.                       3.89273787               3.21623945             677.080322E-03           496.774597E-03           410.311218E-03            86.3796616E-03 
                   1.79999995E+03           5.08924103               4.24110985             848.201965E-03           649.195679E-03           540.954834E-03           108.213898E-03  
                   7.19999981E+03           7.99659824               6.73229551               1.26390707               1.02003765             858.754761E-03           161.255737E-03  




