
                     X                   AVERAGE_SDV3             AVERAGE_SDV4             AVERAGE_SDV5             AVERAGE_SDV9            AVERAGE_SDV10            AVERAGE_SDV11     

                   0.                       0.                       0.                       0.                       0.                       0.                       0.            
                 120.                       6.06805658               5.07954121             988.309265E-03           774.287476E-03           647.967651E-03           126.047913E-03  
                 600.                      10.14118                  8.57125092               1.5704788                1.29389048               1.09328842             200.328705E-03  
                   1.79999995E+03          11.4536886                9.69664764               1.75829911               1.46179211               1.2372874              224.26738E-03   
                   7.19999981E+03          11.5020981                9.7402277                1.76555967               1.46843255               1.24227691             225.128006E-03  




