
                     X                   AVERAGE_SDV3             AVERAGE_SDV4             AVERAGE_SDV5             AVERAGE_SDV9            AVERAGE_SDV10            AVERAGE_SDV11     

                   0.                       0.                       0.                       0.                       0.                       0.                       0.            
                 120.                       4.7736969                3.96991968             803.142456E-03           608.917847E-03           506.402008E-03           102.456985E-03  
                 600.                       7.5955677                6.38734674               1.206424               968.971436E-03           814.930603E-03           153.956985E-03  
                   1.79999995E+03           8.08649445               6.80986261               1.27699673               1.03172147             868.797974E-03           162.873077E-03  
                   7.19999981E+03           8.09301472               6.81271887               1.27736104               1.03260481             869.165771E-03           163.041763E-03  




