
                     X                   AVERAGE_SDV3             AVERAGE_SDV4             AVERAGE_SDV5             AVERAGE_SDV9            AVERAGE_SDV10            AVERAGE_SDV11     

                   0.                       0.                       0.                       0.                       0.                       0.                       0.            
                 120.                       5.89105606               4.92858839             962.934021E-03           751.601074E-03           628.711609E-03           122.859001E-03  
                 600.                       8.64788914               7.29207802               1.35716188               1.10327363             930.016235E-03           173.138657E-03  
                   1.79999995E+03           8.84636307               7.46519709               1.38570523               1.12890267             951.655334E-03           176.759659E-03  
                   7.19999981E+03           8.84643841               7.46550274               1.3857075                1.12890494             951.65979E-03            176.760223E-03  




