
                     X                   AVERAGE_SDV3             AVERAGE_SDV4             AVERAGE_SDV5             AVERAGE_SDV9            AVERAGE_SDV10            AVERAGE_SDV11     

                   0.                       0.                       0.                       0.                       0.                       0.                       0.            
                 120.                       4.02119827               3.32524681             695.473083E-03           513.083679E-03           424.249207E-03            88.7131958E-03 
                 600.                       6.26267958               5.24564552               1.01583481             798.738281E-03           669.313538E-03           129.610474E-03  
                   1.79999995E+03           8.83745289               7.45154142               1.383798                 1.12727523             950.854431E-03           176.541077E-03  
                   7.19999981E+03          10.2280035                8.64334965               1.58266985               1.30493963               1.10296237             201.882233E-03  




