
                     X                   AVERAGE_SDV3             AVERAGE_SDV4             AVERAGE_SDV5             AVERAGE_SDV9            AVERAGE_SDV10            AVERAGE_SDV11     

                   0.                       0.                       0.                       0.                       0.                       0.                       0.            
                 120.                       4.02016354               3.32400036             695.297363E-03           512.777832E-03           424.146667E-03            88.674942E-03  
                 600.                       6.2565546                5.24095726               1.01515353             798.282349E-03           668.733887E-03           129.517548E-03  
                   1.79999995E+03           8.83021927               7.44728374               1.3831743                1.12644947             950.023132E-03           176.460587E-03  
                   7.19999981E+03          10.2256174                8.64296532               1.58260846               1.30431414               1.10264671             201.868454E-03  




