
                     X                   AVERAGE_SDV3             AVERAGE_SDV4             AVERAGE_SDV5             AVERAGE_SDV9            AVERAGE_SDV10            AVERAGE_SDV11     

                   0.                       0.                       0.                       0.                       0.                       0.                       0.            
                 120.                       4.93525219               4.10863638             825.980286E-03           629.535828E-03           524.23822E-03            105.378799E-03  
                 600.                       8.2816267                6.97650433               1.3046248                1.05646217             890.045776E-03           166.431E-03     
                   1.79999995E+03          10.6189766                8.98118973               1.63856828               1.35490942               1.14556706             209.070953E-03  
                   7.19999981E+03          11.0414658                9.34383106               1.6992209                1.40911365               1.19174957             216.796341E-03  




