
                     X                   AVERAGE_SDV3             AVERAGE_SDV4             AVERAGE_SDV5             AVERAGE_SDV9            AVERAGE_SDV10            AVERAGE_SDV11     

                   0.                       0.                       0.                       0.                       0.                       0.                       0.            
                 120.                       4.05463266               3.35443091             700.438416E-03           517.298584E-03           427.966797E-03            89.3459473E-03 
                 600.                       6.39422417               5.35890913               1.03465366             815.575012E-03           683.629822E-03           132.019836E-03  
                   1.79999995E+03           8.94797897               7.54695463               1.39953101               1.14144039             962.701538E-03           178.591415E-03  
                   7.19999981E+03          10.1719303                8.59749794               1.5746398                1.29789853               1.09680247             200.905624E-03  




