
                     X                   AVERAGE_SDV3             AVERAGE_SDV4             AVERAGE_SDV5             AVERAGE_SDV9            AVERAGE_SDV10            AVERAGE_SDV11     

                   0.                       0.                       0.                       0.                       0.                       0.                       0.            
                 120.                       5.99267721               5.0158329              977.459778E-03           764.416626E-03           639.931396E-03           124.718544E-03  
                 600.                       9.09131908               7.66948462               1.42005563               1.15947425             978.64447E-03            181.21109E-03   
                   1.79999995E+03           9.40633678               7.9395566                1.46505237               1.19959259               1.01329243             186.993332E-03  
                   7.19999981E+03           9.40643692               7.94037294               1.46510231               1.19960737               1.01344573             187.00383E-03   




