
                     X                   AVERAGE_SDV3             AVERAGE_SDV4             AVERAGE_SDV5             AVERAGE_SDV9            AVERAGE_SDV10            AVERAGE_SDV11     

                   0.                       0.                       0.                       0.                       0.                       0.                       0.            
                 120.                       6.37535238               5.34354591               1.03197801             813.509521E-03           681.743103E-03           131.659378E-03  
                 600.                      10.6587067                9.01395988               1.64412856               1.3599807                1.14985728             209.769714E-03  
                   1.79999995E+03          12.0391569               10.1955614                1.84098899               1.53583539               1.30080032             234.879074E-03  
                   7.19999981E+03          12.0918684               10.2411041                1.8479054                1.54272413               1.30609715             235.839386E-03  




