
                     X                   AVERAGE_SDV3             AVERAGE_SDV4             AVERAGE_SDV5             AVERAGE_SDV9            AVERAGE_SDV10            AVERAGE_SDV11     

                   0.                       0.                       0.                       0.                       0.                       0.                       0.            
                 120.                       5.6097846                4.68854332             922.849121E-03           715.65332E-03            598.109253E-03           117.736816E-03  
                 600.                       8.12579918               6.84460402               1.28256404               1.03670132             873.057739E-03           163.59993E-03   
                   1.79999995E+03           8.28404331               6.98331833               1.30496979               1.05693758             890.621216E-03           166.506226E-03  
                   7.19999981E+03           8.28412151               6.98332119               1.30497324               1.05693829             890.623291E-03           166.506485E-03  




