
                     X                   AVERAGE_SDV3             AVERAGE_SDV4             AVERAGE_SDV5             AVERAGE_SDV9            AVERAGE_SDV10            AVERAGE_SDV11     

                   0.                       0.                       0.                       0.                       0.                       0.                       0.            
                 120.                       4.02121258               3.3252759              695.478333E-03           513.084351E-03           424.252319E-03            88.7135391E-03 
                 600.                       6.26287508               5.24576473               1.01584232             798.774292E-03           669.330872E-03           129.612976E-03  
                   1.79999995E+03           8.83752346               7.45198679               1.38381326               1.12728596             950.869324E-03           176.546112E-03  
                   7.19999981E+03          10.2280178                8.6433754                1.58267355               1.3049407                1.10296619             201.882507E-03  




