
                     X                   AVERAGE_SDV3             AVERAGE_SDV4             AVERAGE_SDV5             AVERAGE_SDV9            AVERAGE_SDV10            AVERAGE_SDV11     

                   0.                       0.                       0.                       0.                       0.                       0.                       0.            
                 120.                       3.20482087               2.62705564             578.397705E-03           408.928436E-03           335.048889E-03            73.7985458E-03 
                 600.                       3.53623748               2.91086125             626.13031E-03            451.192383E-03           371.339569E-03            79.8866196E-03 
                   1.79999995E+03           4.27107954               3.54062986             731.468323E-03           544.950439E-03           451.666656E-03            93.3065414E-03 
                   7.19999981E+03           6.52123308               5.4677515                1.05310321             831.915466E-03           697.569519E-03           134.36644E-03   




