
                     X                   AVERAGE_SDV3             AVERAGE_SDV4             AVERAGE_SDV5             AVERAGE_SDV9            AVERAGE_SDV10            AVERAGE_SDV11     

                   0.                       0.                       0.                       0.                       0.                       0.                       0.            
                 120.                       3.77751184               3.11704063             660.665833E-03           481.918335E-03           397.608521E-03            84.2776337E-03 
                 600.                       6.1560483                5.15380096               1.00088418             785.31134E-03            657.59967E-03            127.68708E-03   
                   1.79999995E+03           8.31097889               7.00140953               1.30894625               1.06028521             893.272034E-03           166.98555E-03   
                   7.19999981E+03           8.98955441               7.58163881               1.40615284               1.14699984             967.250671E-03           179.323669E-03  




