
                     X                   AVERAGE_SDV3             AVERAGE_SDV4             AVERAGE_SDV5             AVERAGE_SDV9            AVERAGE_SDV10            AVERAGE_SDV11     

                   0.                       0.                       0.                       0.                       0.                       0.                       0.            
                 120.                       2.9481051                2.40591288             542.044006E-03           376.146667E-03           306.882355E-03            69.1498489E-03 
                 600.                       3.64242625               3.00122547             641.325745E-03           464.718933E-03           382.819061E-03            81.8312988E-03 
                   1.79999995E+03           4.96185589               4.13292599             830.514526E-03           633.122803E-03           527.235413E-03           105.929726E-03  
                   7.19999981E+03           7.62636805               6.41547298               1.21106791             972.75293E-03            818.553589E-03           154.502014E-03  




