
                     X                   AVERAGE_SDV3             AVERAGE_SDV4             AVERAGE_SDV5             AVERAGE_SDV9            AVERAGE_SDV10            AVERAGE_SDV11     

                   0.                       0.                       0.                       0.                       0.                       0.                       0.            
                 120.                       4.62203979               3.84027719             781.605225E-03           589.667297E-03           489.95401E-03             99.689415E-03  
                 600.                       7.11370325               5.97467756               1.13778985             907.582336E-03           762.320374E-03           145.141983E-03  
                   1.79999995E+03           7.41934538               6.23487759               1.18108726             946.152893E-03           795.374939E-03           150.706131E-03  
                   7.19999981E+03           7.42088461               6.23534298               1.18118787             946.780396E-03           795.473083E-03           150.722412E-03  




