
                     X                   AVERAGE_SDV3             AVERAGE_SDV4             AVERAGE_SDV5             AVERAGE_SDV9            AVERAGE_SDV10            AVERAGE_SDV11     

                   0.                       0.                       0.                       0.                       0.                       0.                       0.            
                 120.                       4.04908371               3.34957647             699.655396E-03           516.634338E-03           427.346863E-03            89.222847E-03  
                 600.                       6.38518953               5.35132599               1.03386402             814.817688E-03           682.866943E-03           131.870102E-03  
                   1.79999995E+03           8.93399906               7.53696823               1.39799726               1.13983786             961.449219E-03           178.328644E-03  
                   7.19999981E+03          10.152112                 8.58061695               1.57203579               1.29515207               1.09462881             200.51915E-03   




