
                     X                   AVERAGE_SDV3             AVERAGE_SDV4             AVERAGE_SDV5             AVERAGE_SDV9            AVERAGE_SDV10            AVERAGE_SDV11     

                   0.                       0.                       0.                       0.                       0.                       0.                       0.            
                 120.                       5.96539879               4.99169636             973.271484E-03           760.969238E-03           636.695801E-03           124.184563E-03  
                 600.                       9.93447971               8.39353848               1.54052591               1.26731229               1.07068956             196.544937E-03  
                   1.79999995E+03          11.1478806                9.43253803               1.71370435               1.42181826               1.20310342             218.633484E-03  
                   7.19999981E+03          11.1874647                9.46856213               1.71902013               1.4268384                1.20739317             219.339874E-03  




