
                     X                   AVERAGE_SDV3             AVERAGE_SDV4             AVERAGE_SDV5             AVERAGE_SDV9            AVERAGE_SDV10            AVERAGE_SDV11     

                   0.                       0.                       0.                       0.                       0.                       0.                       0.            
                 120.                       4.03219175               3.33554459             696.965149E-03           514.420532E-03           425.587402E-03            88.9351044E-03 
                 600.                       6.3247118                5.29783392               1.02464974             806.730713E-03           676.069153E-03           130.732071E-03  
                   1.79999995E+03           8.88296604               7.49197817               1.39050043               1.13310897             955.758301E-03           177.382111E-03  
                   7.19999981E+03          10.1748514                8.60101032               1.57540464               1.29820025               1.09710896             200.956146E-03  




