
                     X                   AVERAGE_SDV3             AVERAGE_SDV4             AVERAGE_SDV5             AVERAGE_SDV9            AVERAGE_SDV10            AVERAGE_SDV11     

                   0.                       0.                       0.                       0.                       0.                       0.                       0.            
                 120.                       5.74584198               4.80522585             942.569641E-03           733.240051E-03           612.885864E-03           120.220734E-03  
                 600.                       8.88937855               7.49880171               1.39170468               1.13421381             956.583496E-03           177.537964E-03  
                   1.79999995E+03           9.28299809               7.83683729               1.44841969               1.18433785             999.943359E-03           184.695694E-03  
                   7.19999981E+03           9.2838583                7.84070349               1.44890046               1.18479764               1.00000012             184.718796E-03  




