
                     X                   AVERAGE_SDV3             AVERAGE_SDV4             AVERAGE_SDV5             AVERAGE_SDV9            AVERAGE_SDV10            AVERAGE_SDV11     

                   0.                       0.                       0.                       0.                       0.                       0.                       0.            
                 120.                       4.16619301               3.45002031             716.245972E-03           531.487488E-03           440.0383E-03              91.3700256E-03 
                 600.                       6.91872311               5.80831194               1.1097846              882.515808E-03           741.004822E-03           141.578491E-03  
                   1.79999995E+03           9.06597042               7.6477561                1.41679704               1.15649569             975.7901E-03             180.707458E-03  
                   7.19999981E+03           9.55955982               8.06610966               1.48715353               1.21883678               1.02946079             189.604813E-03  




