
                     X                   AVERAGE_SDV3             AVERAGE_SDV4             AVERAGE_SDV5             AVERAGE_SDV9            AVERAGE_SDV10            AVERAGE_SDV11     

                   0.                       0.                       0.                       0.                       0.                       0.                       0.            
                 120.                       4.04887342               3.34973812             699.426086E-03           516.512878E-03           427.382324E-03            89.2259216E-03 
                 600.                       6.39084816               5.35591173               1.03439581             815.381348E-03           683.297424E-03           131.935852E-03  
                   1.79999995E+03           8.93632221               7.53668308               1.39801919               1.13970494             961.475708E-03           178.377716E-03  
                   7.19999981E+03          10.1404276                8.56971264               1.57017028               1.29358959               1.0932529              200.334518E-03  




