
                     X                   AVERAGE_SDV3             AVERAGE_SDV4             AVERAGE_SDV5             AVERAGE_SDV9            AVERAGE_SDV10            AVERAGE_SDV11     

                   0.                       0.                       0.                       0.                       0.                       0.                       0.            
                 120.                       4.04881382               3.34875822             699.321777E-03           516.575256E-03           427.290161E-03            89.222229E-03  
                 600.                       6.37469292               5.34340286               1.03238142             813.534302E-03           681.812195E-03           131.68158E-03   
                   1.79999995E+03           8.92854595               7.53272963               1.39710402               1.13932931             961.003418E-03           178.264526E-03  
                   7.19999981E+03          10.1675797                8.59485435               1.57410872               1.2972759                1.09630573             200.837418E-03  




