
                     X                   AVERAGE_SDV3             AVERAGE_SDV4             AVERAGE_SDV5             AVERAGE_SDV9            AVERAGE_SDV10            AVERAGE_SDV11     

                   0.                       0.                       0.                       0.                       0.                       0.                       0.            
                 120.                       4.04388189               3.34593225             698.712341E-03           515.916077E-03           426.790771E-03            89.1251831E-03 
                 600.                       6.34478855               5.3178668                1.02790821             809.551453E-03           678.453186E-03           131.129395E-03  
                   1.79999995E+03           8.90988064               7.51524544               1.3944521                1.13649845             958.881409E-03           177.910278E-03  
                   7.19999981E+03          10.1984768                8.61996365               1.57875896               1.30102015               1.09967792             201.388718E-03  




