
                     X                   AVERAGE_SDV3             AVERAGE_SDV4             AVERAGE_SDV5             AVERAGE_SDV9            AVERAGE_SDV10            AVERAGE_SDV11     

                   0.                       0.                       0.                       0.                       0.                       0.                       0.            
                 120.                       4.82418823               4.01296949             810.349426E-03           615.320374E-03           511.932739E-03           103.370438E-03  
                 600.                       7.79908466               6.56339121               1.23546803             994.915344E-03           837.209045E-03           157.638016E-03  
                   1.79999995E+03           8.42173958               7.09721804               1.3247112                1.07451439             905.345947E-03           169.000977E-03  
                   7.19999981E+03           8.43416691               7.10620975               1.32562006               1.07562232             906.280151E-03           169.11554E-03   




