
                     X                   AVERAGE_SDV3             AVERAGE_SDV4             AVERAGE_SDV5             AVERAGE_SDV9            AVERAGE_SDV10            AVERAGE_SDV11     

                   0.                       0.                       0.                       0.                       0.                       0.                       0.            
                 120.                       4.22573566               3.50054431             724.686401E-03           538.986572E-03           446.508484E-03            92.4485931E-03 
                 600.                       6.73712826               5.6529212                1.08407032             859.55426E-03            721.317627E-03           138.271332E-03  
                   1.79999995E+03           9.34634304               7.88927555               1.45685661               1.1924665                1.00647402             185.81955E-03   
                   7.19999981E+03          10.4617968                8.84400654               1.61587393               1.33435011               1.12842155             206.121994E-03  




