
                     X                   AVERAGE_SDV3             AVERAGE_SDV4             AVERAGE_SDV5             AVERAGE_SDV9            AVERAGE_SDV10            AVERAGE_SDV11     

                   0.                       0.                       0.                       0.                       0.                       0.                       0.            
                 120.                       5.63485003               4.7081995              926.071533E-03           718.930542E-03           600.788879E-03           118.179337E-03  
                 600.                       9.45152473               7.98088312               1.47170591               1.20562387               1.01820767             187.804718E-03  
                   1.79999995E+03          10.7936592                9.1318922                1.66332793               1.37676692               1.16504049             212.240082E-03  
                   7.19999981E+03          10.8525543                9.18487072               1.67193067               1.38415873               1.1717757              213.370789E-03  




