
                     X                   AVERAGE_SDV3             AVERAGE_SDV4             AVERAGE_SDV5             AVERAGE_SDV9            AVERAGE_SDV10            AVERAGE_SDV11     

                   0.                       0.                       0.                       0.                       0.                       0.                       0.            
                 120.                       3.80001974               3.13622475             663.913635E-03           484.835724E-03           400.128174E-03            84.7060165E-03 
                 600.                       6.22092104               5.2105093                1.0100069              793.654175E-03           664.793701E-03           128.858856E-03  
                   1.79999995E+03           6.83914137               5.74029684               1.09850252             872.526978E-03           732.406494E-03           140.156586E-03  
                   7.19999981E+03           6.85528946               5.75105238               1.1002903              874.568542E-03           734.216675E-03           140.420425E-03  




