
                     X                   AVERAGE_SDV3             AVERAGE_SDV4             AVERAGE_SDV5             AVERAGE_SDV9            AVERAGE_SDV10            AVERAGE_SDV11     

                   0.                       0.                       0.                       0.                       0.                       0.                       0.            
                 120.                       5.29367876               4.41656494             877.691956E-03           675.61322E-03            563.533875E-03           111.979546E-03  
                 600.                       8.92179012               7.52562618               1.3962301                1.1381315              960.190857E-03           178.13768E-03   
                   1.79999995E+03          10.3596458                8.75921535               1.60166717               1.3215028                1.11736751             204.346649E-03  
                   7.19999981E+03          10.4398222                8.83042622               1.61329842               1.33209717               1.1263454              205.915253E-03  




