
                     X                   AVERAGE_SDV3             AVERAGE_SDV4             AVERAGE_SDV5             AVERAGE_SDV9            AVERAGE_SDV10            AVERAGE_SDV11     

                   0.                       0.                       0.                       0.                       0.                       0.                       0.            
                 120.                       4.51299047               3.74766588             765.677856E-03           575.677124E-03           477.968811E-03            97.6979828E-03 
                 600.                       7.53891373               6.34013891               1.1988132              961.933716E-03           808.984741E-03           152.906235E-03  
                   1.79999995E+03           9.76095867               8.24536133               1.51625919               1.24522209               1.05200613             193.436722E-03  
                   7.19999981E+03          10.2097778                8.62758541               1.57974172               1.30214465               1.10121834             201.631058E-03  




