
                     X                   AVERAGE_SDV3             AVERAGE_SDV4             AVERAGE_SDV5             AVERAGE_SDV9            AVERAGE_SDV10            AVERAGE_SDV11     

                   0.                       0.                       0.                       0.                       0.                       0.                       0.            
                 120.                       4.0202527                3.32421279             695.325684E-03           512.910156E-03           424.150452E-03            88.6861496E-03 
                 600.                       6.25722265               5.24316406               1.01530588             798.393127E-03           668.843689E-03           129.531464E-03  
                   1.79999995E+03           8.83097935               7.44782162               1.38325739               1.12652016             950.11261E-03            176.480301E-03  
                   7.19999981E+03          10.2253771                8.64255142               1.58255637               1.3041327                1.10255933             201.854294E-03  




