
                     X                   AVERAGE_SDV3             AVERAGE_SDV4             AVERAGE_SDV5             AVERAGE_SDV9            AVERAGE_SDV10            AVERAGE_SDV11     

                   0.                       0.                       0.                       0.                       0.                       0.                       0.            
                 120.                       4.04848909               3.34928846             699.375427E-03           516.479248E-03           427.227539E-03            89.2189102E-03 
                 600.                       6.38724327               5.35399294               1.03380919             814.699402E-03           682.982117E-03           131.902145E-03  
                   1.79999995E+03           8.93388844               7.53539181               1.39791572               1.13965058             961.344238E-03           178.327072E-03  
                   7.19999981E+03          10.1449146                8.57422447               1.57129121               1.29437673               1.09409082             200.431808E-03  




