
                     X                   AVERAGE_SDV3             AVERAGE_SDV4             AVERAGE_SDV5             AVERAGE_SDV9            AVERAGE_SDV10            AVERAGE_SDV11     

                   0.                       0.                       0.                       0.                       0.                       0.                       0.            
                 120.                       3.70535707               3.0560956              650.2854E-03             472.864166E-03           389.886688E-03            82.9514465E-03 
                 600.                       4.74172878               3.94343543             798.494446E-03           604.973022E-03           503.007355E-03           101.855011E-03  
                   1.79999995E+03           6.61440134               5.54780293               1.06639791             843.764465E-03           707.656799E-03           136.042862E-03  
                   7.19999981E+03           9.91347504               8.37515926               1.53791893               1.26461565               1.06838393             196.173386E-03  




