
                     X                   AVERAGE_SDV3             AVERAGE_SDV4             AVERAGE_SDV5             AVERAGE_SDV9            AVERAGE_SDV10            AVERAGE_SDV11     

                   0.                       0.                       0.                       0.                       0.                       0.                       0.            
                 120.                       4.47479486               3.71522522             760.500366E-03           570.858032E-03           473.958099E-03            97.003334E-03  
                 600.                       7.24304533               6.08771467               1.15621591             924.064575E-03           776.495178E-03           147.508057E-03  
                   1.79999995E+03           9.90527058               8.36860085               1.5363853                1.26350462               1.06754875             196.012344E-03  
                   7.19999981E+03          10.857502                 9.18698406               1.67242479               1.3853482                1.17187381             213.388184E-03  




