
                     X                   AVERAGE_SDV3             AVERAGE_SDV4             AVERAGE_SDV5             AVERAGE_SDV9            AVERAGE_SDV10            AVERAGE_SDV11     

                   0.                       0.                       0.                       0.                       0.                       0.                       0.            
                 120.                       5.23355389               4.36457586             868.910156E-03           667.688721E-03           556.812622E-03           110.825073E-03  
                 600.                       8.85129452               7.46522141               1.38588929               1.12932169             952.323853E-03           176.803177E-03  
                   1.79999995E+03          10.9857616                9.2958107                1.69122756               1.40195882               1.18597031             215.753937E-03  
                   7.19999981E+03          11.2600689                9.53140259               1.73047268               1.43724108               1.21606696             220.728348E-03  




