
                     X                   AVERAGE_SDV3             AVERAGE_SDV4             AVERAGE_SDV5             AVERAGE_SDV9            AVERAGE_SDV10            AVERAGE_SDV11     

                   0.                       0.                       0.                       0.                       0.                       0.                       0.            
                 120.                       4.04841232               3.3497653              699.414246E-03           516.525696E-03           427.368347E-03            89.2325592E-03 
                 600.                       6.38726902               5.35421324               1.03383327             814.721008E-03           683.089844E-03           131.910141E-03  
                   1.79999995E+03           8.93425369               7.53597116               1.39802992               1.139709               961.494629E-03           178.342361E-03  
                   7.19999981E+03          10.146615                 8.5757246                1.571468                 1.29455626               1.09431052             200.467926E-03  




