
                     X                   AVERAGE_SDV3             AVERAGE_SDV4             AVERAGE_SDV5             AVERAGE_SDV9            AVERAGE_SDV10            AVERAGE_SDV11     

                   0.                       0.                       0.                       0.                       0.                       0.                       0.            
                 120.                       5.74209213               4.80107164             941.522156E-03           732.511047E-03           612.34967E-03            120.15226E-03   
                 600.                       8.9017477                7.50819349               1.39341366               1.13565135             957.874756E-03           177.750534E-03  
                   1.79999995E+03           9.31018829               7.85777235               1.45111609               1.18748105               1.00218141             185.112885E-03  
                   7.19999981E+03           9.31184864               7.85875273               1.45191503               1.18751991               1.00239551             185.17659E-03   




