
                     X                   AVERAGE_SDV3             AVERAGE_SDV4             AVERAGE_SDV5             AVERAGE_SDV9            AVERAGE_SDV10            AVERAGE_SDV11     

                   0.                       0.                       0.                       0.                       0.                       0.                       0.            
                 120.                       4.43632412               3.68105316             755.236206E-03           566.011108E-03           469.695221E-03            96.3297729E-03 
                 600.                       7.11993313               5.98116064               1.13884473             908.476013E-03           762.967407E-03           145.253113E-03  
                   1.79999995E+03           7.64020729               6.42753792               1.21304548             974.917358E-03           819.905334E-03           154.77327E-03   
                   7.19999981E+03           7.6443491                6.43400431               1.21447897             976.084778E-03           820.447754E-03           154.829407E-03  




