
                     X                   AVERAGE_SDV3             AVERAGE_SDV4             AVERAGE_SDV5             AVERAGE_SDV9            AVERAGE_SDV10            AVERAGE_SDV11     

                   0.                       0.                       0.                       0.                       0.                       0.                       0.            
                 120.                       4.04680395               3.34772015             698.990295E-03           516.318542E-03           427.129333E-03            89.1958771E-03 
                 600.                       6.36165571               5.33067083               1.0300374              811.409119E-03           679.98822E-03            131.398071E-03  
                   1.79999995E+03           8.92036915               7.52480602               1.39576316               1.13792074             959.893555E-03           178.066422E-03  
                   7.19999981E+03          10.1863022                8.60920715               1.57655537               1.29929209               1.09830165             201.142181E-03  




