
                     X                   AVERAGE_SDV3             AVERAGE_SDV4             AVERAGE_SDV5             AVERAGE_SDV9            AVERAGE_SDV10            AVERAGE_SDV11     

                   0.                       0.                       0.                       0.                       0.                       0.                       0.            
                 120.                       4.21986151               3.49545979             723.902527E-03           538.24353E-03            445.97049E-03             92.3536758E-03 
                 600.                       6.72321939               5.64205647               1.08209074             857.75354E-03            719.917358E-03           138.044037E-03  
                   1.79999995E+03           9.33310032               7.87862635               1.45499766               1.19061351               1.00512195             185.605743E-03  
                   7.19999981E+03          10.4518957                8.83909035               1.61481547               1.33347368               1.12742317             206.036209E-03  




