
                     X                   AVERAGE_SDV3             AVERAGE_SDV4             AVERAGE_SDV5             AVERAGE_SDV9            AVERAGE_SDV10            AVERAGE_SDV11     

                   0.                       0.                       0.                       0.                       0.                       0.                       0.            
                 120.                       5.66278505               4.73170662             930.178345E-03           722.335449E-03           603.747131E-03           118.70842E-03   
                 600.                       9.17975235               7.74719238               1.43324828               1.17125559             988.487793E-03           182.871475E-03  
                   1.79999995E+03           9.92602444               8.38685036               1.53998804               1.26666117               1.07014251             196.474213E-03  
                   7.19999981E+03           9.93806362               8.39556599               1.54198551               1.26815045               1.07162321             196.740387E-03  




