
                     X                   AVERAGE_SDV3             AVERAGE_SDV4             AVERAGE_SDV5             AVERAGE_SDV9            AVERAGE_SDV10            AVERAGE_SDV11     

                   0.                       0.                       0.                       0.                       0.                       0.                       0.            
                 120.                       5.18545341               4.32341337             861.924561E-03           661.456604E-03           551.625305E-03           109.930885E-03  
                 600.                       8.68917274               7.32597971               1.36284685               1.10841584             934.799011E-03           173.862335E-03  
                   1.79999995E+03          11.2188873                9.491642                 1.72394228               1.43090737               1.21122599             219.93219E-03   
                   7.19999981E+03          11.7104816                9.90922546               1.79375207               1.49319935               1.26525891             228.908051E-03  




