
                     X                   AVERAGE_SDV3             AVERAGE_SDV4             AVERAGE_SDV5             AVERAGE_SDV9            AVERAGE_SDV10            AVERAGE_SDV11     

                   0.                       0.                       0.                       0.                       0.                       0.                       0.            
                 120.                       4.04281998               3.34529662             698.642761E-03           515.862244E-03           426.716492E-03            89.1165771E-03 
                 600.                       6.34321404               5.31509924               1.02775717             809.313965E-03           678.258667E-03           131.095215E-03  
                   1.79999995E+03           8.90780258               7.51340389               1.39421082               1.13627625             958.616089E-03           177.853485E-03  
                   7.19999981E+03          10.1982698                8.61978149               1.57869697               1.30097973               1.09965265             201.385986E-03  




