
                     X                   AVERAGE_SDV3             AVERAGE_SDV4             AVERAGE_SDV5             AVERAGE_SDV9            AVERAGE_SDV10            AVERAGE_SDV11     

                   0.                       0.                       0.                       0.                       0.                       0.                       0.            
                 120.                       5.70343161               4.76686096             936.226929E-03           727.596802E-03           608.404785E-03           119.413002E-03  
                 600.                       9.66699028               8.16485596               1.50296617               1.2334981                1.04170346             191.690506E-03  
                   1.79999995E+03          11.8175449               10.0075483                1.80968988               1.50752091               1.27642775             230.829773E-03  
                   7.19999981E+03          12.0530615               10.2077427                1.84349763               1.5378499                1.30192685             234.986877E-03  




