
                     X                   AVERAGE_SDV3             AVERAGE_SDV4             AVERAGE_SDV5             AVERAGE_SDV9            AVERAGE_SDV10            AVERAGE_SDV11     

                   0.                       0.                       0.                       0.                       0.                       0.                       0.            
                 120.                       4.03918839               3.34100842             698.1828E-03             515.288025E-03           426.194061E-03            89.0377655E-03 
                 600.                       6.35547018               5.32585096               1.02928233             810.689941E-03           679.253113E-03           131.285126E-03  
                   1.79999995E+03           8.90608311               7.51196671               1.39395499               1.13624835             958.301758E-03           177.809235E-03  
                   7.19999981E+03          10.1553926                8.58259583               1.57232499               1.29539371               1.09488952             200.548782E-03  




