
                     X                   AVERAGE_SDV3             AVERAGE_SDV4             AVERAGE_SDV5             AVERAGE_SDV9            AVERAGE_SDV10            AVERAGE_SDV11     

                   0.                       0.                       0.                       0.                       0.                       0.                       0.            
                 120.                       6.8120532                5.7174201                1.09476149             869.147827E-03           729.407837E-03           139.621536E-03  
                 600.                      10.1895208                8.6115942                1.57742286               1.29987717               1.09869897             201.199005E-03  
                   1.79999995E+03          10.4832258                8.86444473               1.61997581               1.33726037               1.13104904             206.550781E-03  
                   7.19999981E+03          10.4886475                8.86469555               1.61999893               1.33726656               1.13118362             206.551758E-03  




