
                     X                   AVERAGE_SDV3             AVERAGE_SDV4             AVERAGE_SDV5             AVERAGE_SDV9            AVERAGE_SDV10            AVERAGE_SDV11     

                   0.                       0.                       0.                       0.                       0.                       0.                       0.            
                 120.                       7.00935173               5.88525343               1.12263191             894.223877E-03           750.844849E-03           143.228989E-03  
                 600.                      10.56318                  8.93147564               1.63076258               1.34757113               1.13956189             208.023468E-03  
                   1.79999995E+03          10.8999872                9.21885109               1.67881286               1.39056683               1.17593789             214.136902E-03  
                   7.19999981E+03          10.9035206                9.21893978               1.67883968               1.39060497               1.17607856             214.221436E-03  




