
                     X                   AVERAGE_SDV3             AVERAGE_SDV4             AVERAGE_SDV5             AVERAGE_SDV9            AVERAGE_SDV10            AVERAGE_SDV11     

                   0.                       0.                       0.                       0.                       0.                       0.                       0.            
                 120.                       4.03406811               3.336128               697.202576E-03           514.609985E-03           425.802734E-03            88.9665604E-03 
                 600.                       6.34205818               5.31465006               1.02724361             809.142151E-03           677.953369E-03           131.065262E-03  
                   1.79999995E+03           8.89239216               7.501297                 1.39193141               1.13449752             956.977234E-03           177.561584E-03  
                   7.19999981E+03          10.1475658                8.57831478               1.57164204               1.29485893               1.09439325             200.48497E-03   




