
                     X                   AVERAGE_SDV3             AVERAGE_SDV4             AVERAGE_SDV5             AVERAGE_SDV9            AVERAGE_SDV10            AVERAGE_SDV11     

                   0.                       0.                       0.                       0.                       0.                       0.                       0.            
                 120.                       4.04994202               3.35035777             699.501648E-03           516.771362E-03           427.39798E-03             89.2462006E-03 
                 600.                       6.38034821               5.34817076               1.03290725             814.064148E-03           682.290527E-03           131.757462E-03  
                   1.79999995E+03           8.93343163               7.53645658               1.39763701               1.13979268             961.341614E-03           178.332245E-03  
                   7.19999981E+03          10.1672602                8.59414577               1.57406926               1.29710579               1.09626579             200.830276E-03  




