
                     X                   AVERAGE_SDV3             AVERAGE_SDV4             AVERAGE_SDV5             AVERAGE_SDV9            AVERAGE_SDV10            AVERAGE_SDV11     

                   0.                       0.                       0.                       0.                       0.                       0.                       0.            
                 120.                       4.20749664               3.48518085             722.12085E-03            536.77533E-03            444.596497E-03            92.1296844E-03 
                 600.                       6.68688154               5.60979748               1.07669318             853.216248E-03           715.680176E-03           137.361938E-03  
                   1.79999995E+03           9.30221939               7.85113144               1.45056915               1.18690157               1.00167763             185.031509E-03  
                   7.19999981E+03          10.4580612                8.84346867               1.61571872               1.33425581               1.12820899             206.113495E-03  




