
                     X                   AVERAGE_SDV3             AVERAGE_SDV4             AVERAGE_SDV5             AVERAGE_SDV9            AVERAGE_SDV10            AVERAGE_SDV11     

                   0.                       0.                       0.                       0.                       0.                       0.                       0.            
                 120.                       2.57997561               2.09085393             489.038208E-03           329.148529E-03           266.712158E-03            62.383709E-03  
                 600.                       2.85766745               2.32895064             529.116089E-03           364.582825E-03           297.015961E-03            67.5084915E-03 
                   1.79999995E+03           3.46946955               2.85307717             616.544861E-03           442.707642E-03           364.001465E-03            78.6819763E-03 
                   7.19999981E+03           5.31160641               4.43023396             879.911743E-03           677.484802E-03           565.231689E-03           112.255753E-03  




