
                     X                   AVERAGE_SDV3             AVERAGE_SDV4             AVERAGE_SDV5             AVERAGE_SDV9            AVERAGE_SDV10            AVERAGE_SDV11     

                   0.                       0.                       0.                       0.                       0.                       0.                       0.            
                 120.                       5.51838017               4.60868645             909.489868E-03           704.021912E-03           587.886292E-03           116.038666E-03  
                 600.                       8.65641594               7.29614162               1.35839868               1.10446239             931.052429E-03           173.269165E-03  
                   1.79999995E+03           9.11667538               7.68979454               1.42365682               1.16310012             981.164307E-03           181.640411E-03  
                   7.19999981E+03           9.12189007               7.69119644               1.42454898               1.16368532             981.91626E-03            181.650604E-03  




