
                     X                   AVERAGE_SDV3             AVERAGE_SDV4             AVERAGE_SDV5             AVERAGE_SDV9            AVERAGE_SDV10            AVERAGE_SDV11     

                   0.                       0.                       0.                       0.                       0.                       0.                       0.            
                 120.                       3.86672688               3.19317985             673.167419E-03           493.11618E-03            407.263672E-03            85.8973846E-03 
                 600.                       5.59110069               4.67168617             919.721863E-03           713.341553E-03           595.906738E-03           117.341568E-03  
                   1.79999995E+03           8.0633688                6.7901783                1.27346027               1.028584               866.173157E-03           162.445755E-03  
                   7.19999981E+03          10.3861141                8.78135395               1.6055572                1.32506883               1.12023127             204.802399E-03  




