
                     X                   AVERAGE_SDV3             AVERAGE_SDV4             AVERAGE_SDV5             AVERAGE_SDV9            AVERAGE_SDV10            AVERAGE_SDV11     

                   0.                       0.                       0.                       0.                       0.                       0.                       0.            
                 120.                       5.60982275               4.68736029             922.733154E-03           715.709717E-03           598.002197E-03           117.67939E-03   
                 600.                       9.50121212               8.02059174               1.47865272               1.21186316               1.02334094             188.659393E-03  
                   1.79999995E+03          11.7274923                9.93043423               1.79691744               1.49638891               1.26704979             229.25528E-03   
                   7.19999981E+03          11.9995012               10.1586351                1.83574665               1.53100336               1.29678524             234.25206E-03   




