
                     X                   AVERAGE_SDV3             AVERAGE_SDV4             AVERAGE_SDV5             AVERAGE_SDV9            AVERAGE_SDV10            AVERAGE_SDV11     

                   0.                       0.                       0.                       0.                       0.                       0.                       0.            
                 120.                       4.03722429               3.33985734             697.864685E-03           515.002502E-03           426.100128E-03            89.0208969E-03 
                 600.                       6.33861685               5.31189823               1.0269773              808.539917E-03           677.695801E-03           131.008026E-03  
                   1.79999995E+03           8.89688206               7.50372744               1.39251196               1.13492453             957.260437E-03           177.646164E-03  
                   7.19999981E+03          10.174015                 8.59903431               1.57517791               1.29805398               1.0970304              200.939453E-03  




