
                     X                   AVERAGE_SDV3             AVERAGE_SDV4             AVERAGE_SDV5             AVERAGE_SDV9            AVERAGE_SDV10            AVERAGE_SDV11     

                   0.                       0.                       0.                       0.                       0.                       0.                       0.            
                 120.                       5.30143547               4.42377138             878.847412E-03           676.377869E-03           564.452637E-03           112.106926E-03  
                 600.                       8.59035301               7.24161768               1.34900045               1.09601021             924.007446E-03           172.10936E-03   
                   1.79999995E+03           9.28956699               7.83975315               1.44877303               1.18501067               1.00040197             184.816116E-03  
                   7.19999981E+03           9.30045033               7.84736013               1.45018435               1.18631971               1.00174618             185.050598E-03  




