
                     X                   AVERAGE_SDV3             AVERAGE_SDV4             AVERAGE_SDV5             AVERAGE_SDV9            AVERAGE_SDV10            AVERAGE_SDV11     

                   0.                       0.                       0.                       0.                       0.                       0.                       0.            
                 120.                       5.32119703               4.44037724             881.371826E-03           678.853943E-03           566.410156E-03           112.447266E-03  
                 600.                       8.59887028               7.2482667                1.35019851               1.09688282             924.768921E-03           172.196182E-03  
                   1.79999995E+03           9.27115726               7.82493925               1.44637859               1.18296409             998.454651E-03           184.500519E-03  
                   7.19999981E+03           9.28140259               7.83212376               1.44800556               1.18389511             999.649841E-03           184.609314E-03  




