
                     X                   AVERAGE_SDV3             AVERAGE_SDV4             AVERAGE_SDV5             AVERAGE_SDV9            AVERAGE_SDV10            AVERAGE_SDV11     

                   0.                       0.                       0.                       0.                       0.                       0.                       0.            
                 120.                       5.11896515               4.26779413             852.54303E-03            653.187073E-03           544.356995E-03           108.74958E-03   
                 600.                       8.51598835               7.17855453               1.33802855               1.086532               915.754211E-03           170.705933E-03  
                   1.79999995E+03          11.1889315                9.46967793               1.72008467               1.42778015               1.20804524             219.474945E-03  
                   7.19999981E+03          11.8125572               10.0016756                1.80874383               1.50753403               1.27623689             230.856155E-03  




