
                     X                   AVERAGE_SDV3             AVERAGE_SDV4             AVERAGE_SDV5             AVERAGE_SDV9            AVERAGE_SDV10            AVERAGE_SDV11     

                   0.                       0.                       0.                       0.                       0.                       0.                       0.            
                 120.                       5.2299695                4.36119938             868.419861E-03           667.263733E-03           556.403503E-03           110.789238E-03  
                 600.                       8.54863739               7.20569944               1.34286714               1.09058452             919.320435E-03           171.314789E-03  
                   1.79999995E+03           9.33706093               7.88239956               1.45541477               1.1912818                1.00554371             185.71022E-03   
                   7.19999981E+03           9.35392094               7.8941474                1.45733511               1.19296503               1.00746477             186.025848E-03  




