
                     X                   AVERAGE_SDV3             AVERAGE_SDV4             AVERAGE_SDV5             AVERAGE_SDV9            AVERAGE_SDV10            AVERAGE_SDV11     

                   0.                       0.                       0.                       0.                       0.                       0.                       0.            
                 120.                       4.01998901               3.32390022             695.293091E-03           512.722473E-03           424.101318E-03            88.6792374E-03 
                 600.                       6.25672531               5.23961639               1.01504517             798.091187E-03           668.527405E-03           129.467224E-03  
                   1.79999995E+03           8.83059502               7.44634533               1.38319135               1.12646043             950.107605E-03           176.426117E-03  
                   7.19999981E+03          10.2286787                8.64433479               1.58305728               1.30504096               1.10307944             201.900848E-03  




