
                     X                   AVERAGE_SDV3             AVERAGE_SDV4             AVERAGE_SDV5             AVERAGE_SDV9            AVERAGE_SDV10            AVERAGE_SDV11     

                   0.                       0.                       0.                       0.                       0.                       0.                       0.            
                 120.                       4.19891119               3.47794938             720.834534E-03           535.56781E-03            443.647552E-03            91.953064E-03  
                 600.                       6.66784477               5.59336901               1.07388198             850.456421E-03           713.74408E-03            136.993256E-03  
                   1.79999995E+03           9.28203487               7.83528328               1.44770944               1.18422735             999.620544E-03           184.662628E-03  
                   7.19999981E+03          10.4500933                8.83665848               1.61456382               1.33328819               1.1272434              205.985626E-03  




