
                     X                   AVERAGE_SDV3             AVERAGE_SDV4             AVERAGE_SDV5             AVERAGE_SDV9            AVERAGE_SDV10            AVERAGE_SDV11     

                   0.                       0.                       0.                       0.                       0.                       0.                       0.            
                 120.                       4.02048016               3.32455277             695.352478E-03           512.951294E-03           424.185974E-03            88.6986237E-03 
                 600.                       6.25795794               5.24381113               1.01557517             798.479248E-03           668.928162E-03           129.545883E-03  
                   1.79999995E+03           8.83259392               7.44869566               1.38342404               1.12663126             950.202576E-03           176.507187E-03  
                   7.19999981E+03          10.2255459                8.64272404               1.58258903               1.3042562                1.10262346             201.866699E-03  




