
                     X                   AVERAGE_SDV3             AVERAGE_SDV4             AVERAGE_SDV5             AVERAGE_SDV9            AVERAGE_SDV10            AVERAGE_SDV11     

                   0.                       0.                       0.                       0.                       0.                       0.                       0.            
                 120.                       4.22819281               3.50350237             725.112244E-03           539.462646E-03           446.989258E-03            92.4909592E-03 
                 600.                       7.00533009               5.88178968               1.12195647             893.357788E-03           750.275146E-03           143.129013E-03  
                   1.79999995E+03           9.23408604               7.79106998               1.44055784               1.17754483             994.00885E-03            183.798126E-03  
                   7.19999981E+03           9.7764492                8.2531786                1.51834798               1.24644101               1.05318892             193.702835E-03  




