
                     X                   AVERAGE_SDV3             AVERAGE_SDV4             AVERAGE_SDV5             AVERAGE_SDV9            AVERAGE_SDV10            AVERAGE_SDV11     

                   0.                       0.                       0.                       0.                       0.                       0.                       0.            
                 120.                       4.42177916               3.66907644             752.808655E-03           564.206909E-03           468.113739E-03            96.0301437E-03 
                 600.                       7.3113718                6.14681196               1.16615152             932.928162E-03           784.118225E-03           148.755783E-03  
                   1.79999995E+03           9.68301296               8.1790514                1.50491548               1.23539805               1.04335856             191.997238E-03  
                   7.19999981E+03          10.2835102                8.69347858               1.59075701               1.31245303               1.10936618             203.013763E-03  




