
                     X                   AVERAGE_SDV3             AVERAGE_SDV4             AVERAGE_SDV5             AVERAGE_SDV9            AVERAGE_SDV10            AVERAGE_SDV11     

                   0.                       0.                       0.                       0.                       0.                       0.                       0.            
                 120.                       4.72889185               3.93264341             796.64386E-03            603.37207E-03            501.669586E-03           101.61702E-03   
                 600.                       7.77511692               6.5427494                1.23203015             991.702271E-03           834.5849E-03             157.188416E-03  
                   1.79999995E+03          10.4220123                8.81034946               1.6101588                1.32925987               1.12393761             205.401794E-03  
                   7.19999981E+03          11.1848764                9.46569633               1.71877253               1.42604971               1.20706165             219.25061E-03   




