
                     X                   AVERAGE_SDV3             AVERAGE_SDV4             AVERAGE_SDV5             AVERAGE_SDV9            AVERAGE_SDV10            AVERAGE_SDV11     

                   0.                       0.                       0.                       0.                       0.                       0.                       0.            
                 120.                       6.69216776               5.61543751               1.07778537             853.872009E-03           716.335388E-03           137.495712E-03  
                 600.                       9.61436653               8.12037754               1.49543571               1.22654653               1.03595173             190.76915E-03   
                   1.79999995E+03           9.78133678               8.26373672               1.51941311               1.24758387               1.05435491             193.838531E-03  
                   7.19999981E+03           9.781394                 8.2637558                1.51945543               1.2475841                1.05435514             193.838699E-03  




