
                     X                   AVERAGE_SDV3             AVERAGE_SDV4             AVERAGE_SDV5             AVERAGE_SDV9            AVERAGE_SDV10            AVERAGE_SDV11     

                   0.                       0.                       0.                       0.                       0.                       0.                       0.            
                 120.                       4.02117729               3.32514501             695.44397E-03            513.073303E-03           424.244171E-03            88.712883E-03  
                 600.                       6.26258993               5.24560118               1.01577675             798.714294E-03           669.267517E-03           129.601868E-03  
                   1.79999995E+03           8.83729076               7.45142031               1.38378251               1.12723076             950.84375E-03            176.539993E-03  
                   7.19999981E+03          10.2280397                8.64374638               1.58269322               1.30494618               1.10296679             201.88298E-03   




