
                     X                   AVERAGE_SDV3             AVERAGE_SDV4             AVERAGE_SDV5             AVERAGE_SDV9            AVERAGE_SDV10            AVERAGE_SDV11     

                   0.                       0.                       0.                       0.                       0.                       0.                       0.            
                 120.                       5.80665159               4.85487461             950.96405E-03            740.738281E-03           619.454224E-03           121.281639E-03  
                 600.                       9.08999443               7.6705842                1.42019379               1.15977466             978.420715E-03           181.200897E-03  
                   1.79999995E+03           9.56045437               8.07033157               1.48736489               1.21926057               1.02958941             189.696365E-03  
                   7.19999981E+03           9.5623436                8.07446861               1.48798597               1.21989775               1.02980554             189.817017E-03  




