
                     X                   AVERAGE_SDV3             AVERAGE_SDV4             AVERAGE_SDV5             AVERAGE_SDV9            AVERAGE_SDV10            AVERAGE_SDV11     

                   0.                       0.                       0.                       0.                       0.                       0.                       0.            
                 120.                       6.08652306               5.0953126              990.892273E-03           776.655457E-03           650.083557E-03           126.406776E-03  
                 600.                       8.83431244               7.4517169                1.38375926               1.12718284             950.590637E-03           176.497604E-03  
                   1.79999995E+03           9.01073551               7.60550022               1.40911353               1.14967668             970.207642E-03           179.697418E-03  
                   7.19999981E+03           9.01075077               7.60550642               1.40914214               1.14967823             970.214966E-03           179.69751E-03   




