
                     X                   AVERAGE_SDV3             AVERAGE_SDV4             AVERAGE_SDV5             AVERAGE_SDV9            AVERAGE_SDV10            AVERAGE_SDV11     

                   0.                       0.                       0.                       0.                       0.                       0.                       0.            
                 120.                       3.73557305               3.08126259             654.199219E-03           476.474945E-03           393.096771E-03            83.4487152E-03 
                 600.                       4.12415886               3.41455483             710.230957E-03           526.109558E-03           435.636078E-03            90.569313E-03  
                   1.79999995E+03           4.98608828               4.15361071             833.467834E-03           635.992676E-03           529.846497E-03           106.335747E-03  
                   7.19999981E+03           7.62709856               6.41614056               1.21081197             972.744202E-03           818.18042E-03            154.480392E-03  




