
                     X                   AVERAGE_SDV3             AVERAGE_SDV4             AVERAGE_SDV5             AVERAGE_SDV9            AVERAGE_SDV10            AVERAGE_SDV11     

                   0.                       0.                       0.                       0.                       0.                       0.                       0.            
                 120.                       6.724998                 5.64419889               1.08215582             858.155762E-03           720.009277E-03           138.055725E-03  
                 600.                      10.5019398                8.8805294                1.6217581                1.33990848               1.13290679             206.884125E-03  
                   1.79999995E+03          11.0202274                9.32328987               1.69545913               1.40607333               1.18930852             216.318573E-03  
                   7.19999981E+03          11.0230799                9.32510281               1.69558418               1.40624857               1.18991721             216.335831E-03  




