
                     X                   AVERAGE_SDV3             AVERAGE_SDV4             AVERAGE_SDV5             AVERAGE_SDV9            AVERAGE_SDV10            AVERAGE_SDV11     

                   0.                       0.                       0.                       0.                       0.                       0.                       0.            
                 120.                       6.04703188               5.06289959             985.326843E-03           771.618591E-03           645.83783E-03            125.712631E-03  
                 600.                       8.68237972               7.32070971               1.36167634               1.10746229             934.024231E-03           173.710327E-03  
                   1.79999995E+03           8.8328104                7.45191574               1.38307619               1.12664318             950.705078E-03           176.432404E-03  
                   7.19999981E+03           8.83281326               7.45212698               1.38308132               1.12664926             950.705505E-03           176.432602E-03  




