
                     X                   AVERAGE_SDV3             AVERAGE_SDV4             AVERAGE_SDV5             AVERAGE_SDV9            AVERAGE_SDV10            AVERAGE_SDV11     

                   0.                       0.                       0.                       0.                       0.                       0.                       0.            
                 120.                       5.39557219               4.50415468             892.37207E-03            688.339905E-03           574.519836E-03           113.819237E-03  
                 600.                       8.1819725                6.89242363               1.29067099               1.04387474             879.231323E-03           164.661911E-03  
                   1.79999995E+03           8.46882343               7.1396451                1.33183289               1.08046985             910.393311E-03           169.902176E-03  
                   7.19999981E+03           8.46892834               7.13983727               1.3319478                1.08062816             910.542053E-03           169.913284E-03  




