
                     X                   AVERAGE_SDV3             AVERAGE_SDV4             AVERAGE_SDV5             AVERAGE_SDV9            AVERAGE_SDV10            AVERAGE_SDV11     

                   0.                       0.                       0.                       0.                       0.                       0.                       0.            
                 120.                       3.92232227               3.24158931             681.490845E-03           500.450317E-03           413.492584E-03            86.9230118E-03 
                 600.                       6.5865345                5.52381134               1.06220233             840.284851E-03           704.671753E-03           135.519455E-03  
                   1.79999995E+03           7.65297127               6.43618011               1.21438944             976.322266E-03           821.26947E-03            154.981308E-03  
                   7.19999981E+03           7.71579838               6.4887023                1.223037               984.345398E-03           828.117859E-03           156.107025E-03  




