
                     X                   AVERAGE_SDV3             AVERAGE_SDV4             AVERAGE_SDV5             AVERAGE_SDV9            AVERAGE_SDV10            AVERAGE_SDV11     

                   0.                       0.                       0.                       0.                       0.                       0.                       0.            
                 120.                       5.13082027               4.27626848             854.070007E-03           654.593262E-03           545.551514E-03           108.959724E-03  
                 600.                       8.12834454               6.84488678               1.28283763               1.03685272             873.303589E-03           163.63652E-03   
                   1.79999995E+03           8.62256145               7.26745558               1.35315263               1.0996989              927.37207E-03            172.611176E-03  
                   7.19999981E+03           8.6250515                7.26952076               1.35416007               1.10027003             927.734192E-03           172.724396E-03  




