
                     X                   AVERAGE_SDV3             AVERAGE_SDV4             AVERAGE_SDV5             AVERAGE_SDV9            AVERAGE_SDV10            AVERAGE_SDV11     

                   0.                       0.                       0.                       0.                       0.                       0.                       0.            
                 120.                       4.06562567               3.36285591             701.710876E-03           518.575623E-03           429.121979E-03            89.5164032E-03 
                 600.                       5.601089                 4.67952919             921.381226E-03           714.461121E-03           596.920227E-03           117.517265E-03  
                   1.79999995E+03           8.04641533               6.77544785               1.27078938               1.02634251             864.185852E-03           162.145889E-03  
                   7.19999981E+03          11.094141                 9.38961792               1.70641637               1.41544843               1.19760919             217.740143E-03  




