
                     X                   AVERAGE_SDV3             AVERAGE_SDV4             AVERAGE_SDV5             AVERAGE_SDV9            AVERAGE_SDV10            AVERAGE_SDV11     

                   0.                       0.                       0.                       0.                       0.                       0.                       0.            
                 120.                       4.04428816               3.34543586             698.577026E-03           515.961975E-03           426.80777E-03             89.144165E-03  
                 600.                       6.35780144               5.32750225               1.0296526              810.955994E-03           679.566284E-03           131.343292E-03  
                   1.79999995E+03           8.91453075               7.51956129               1.39509952               1.13719881             959.173401E-03           177.983017E-03  
                   7.19999981E+03          10.174427                 8.59951305               1.57536161               1.29811728               1.097067               200.950897E-03  




