
                     X                   AVERAGE_SDV3             AVERAGE_SDV4             AVERAGE_SDV5             AVERAGE_SDV9            AVERAGE_SDV10            AVERAGE_SDV11     

                   0.                       0.                       0.                       0.                       0.                       0.                       0.            
                 120.                       5.27440071               4.39945889             874.466492E-03           672.796021E-03           561.416443E-03           111.585869E-03  
                 600.                       8.91570473               7.52092361               1.39529061               1.13752449             959.552002E-03           178.01535E-03   
                   1.79999995E+03          11.0994091                9.39280987               1.7075038                1.41610384               1.19831204             217.827988E-03  
                   7.19999981E+03          11.3854809                9.64401054               1.74914932               1.45312512               1.23037529             223.136856E-03  




