
                     X                   AVERAGE_SDV3             AVERAGE_SDV4             AVERAGE_SDV5             AVERAGE_SDV9            AVERAGE_SDV10            AVERAGE_SDV11     

                   0.                       0.                       0.                       0.                       0.                       0.                       0.            
                 120.                       4.03426933               3.33642054             697.208679E-03           514.601562E-03           425.665894E-03            88.9452896E-03 
                 600.                       6.34458494               5.31692553               1.02778232             809.415649E-03           678.363586E-03           131.10881E-03   
                   1.79999995E+03           8.89401722               7.500525                 1.39176273               1.1344105              957.081543E-03           177.572906E-03  
                   7.19999981E+03          10.1426373                8.57162189               1.57043731               1.29406488               1.09365642             200.369598E-03  




