
                     X                   AVERAGE_SDV3             AVERAGE_SDV4             AVERAGE_SDV5             AVERAGE_SDV9            AVERAGE_SDV10            AVERAGE_SDV11     

                   0.                       0.                       0.                       0.                       0.                       0.                       0.            
                 120.                       5.37916279               4.49003792             889.595886E-03           686.231323E-03           572.673035E-03           113.52652E-03   
                 600.                       8.96264458               7.56193924               1.40240455               1.14372039             964.650513E-03           178.905502E-03  
                   1.79999995E+03          10.0883131                8.52605057               1.56297183               1.28692746               1.08765841             199.378174E-03  
                   7.19999981E+03          10.1257257                8.56180191               1.56913781               1.29262495               1.09206784             200.161163E-03  




