
                     X                   AVERAGE_SDV3             AVERAGE_SDV4             AVERAGE_SDV5             AVERAGE_SDV9            AVERAGE_SDV10            AVERAGE_SDV11     

                   0.                       0.                       0.                       0.                       0.                       0.                       0.            
                 120.                       4.02041817               3.32424355             695.336121E-03           512.924438E-03           424.166077E-03            88.69561E-03   
                 600.                       6.2575717                5.2432723                1.01545572             798.423035E-03           668.86438E-03            129.534927E-03  
                   1.79999995E+03           8.83171463               7.44837284               1.38336265               1.12655532             950.157104E-03           176.490509E-03  
                   7.19999981E+03          10.2255402                8.64270878               1.58258867               1.30425286               1.10262132             201.865662E-03  




