
                     X                   AVERAGE_SDV3             AVERAGE_SDV4             AVERAGE_SDV5             AVERAGE_SDV9            AVERAGE_SDV10            AVERAGE_SDV11     

                   0.                       0.                       0.                       0.                       0.                       0.                       0.            
                 120.                       5.76448727               4.81921959             944.848511E-03           735.462158E-03           614.909912E-03           120.546654E-03  
                 600.                       8.67562866               7.31570864               1.36117649               1.10706425             933.258118E-03           173.644913E-03  
                   1.79999995E+03           8.95075035               7.54995918               1.40080678               1.14207685             963.210938E-03           178.703033E-03  
                   7.19999981E+03           8.95083332               7.55007315               1.40103137               1.14216101             963.277405E-03           178.708389E-03  




