
                     X                   AVERAGE_SDV3             AVERAGE_SDV4             AVERAGE_SDV5             AVERAGE_SDV9            AVERAGE_SDV10            AVERAGE_SDV11     

                   0.                       0.                       0.                       0.                       0.                       0.                       0.            
                 120.                       4.33597994               3.59549308             740.243652E-03           553.31311E-03            458.726562E-03            94.4433594E-03 
                 600.                       6.04677868               5.06223202             985.007385E-03           771.473572E-03           645.752258E-03           125.663605E-03  
                   1.79999995E+03           8.70860863               7.34385014               1.36562443               1.11108863             936.724487E-03           174.239853E-03  
                   7.19999981E+03          11.8315935               10.0217524                1.81187546               1.50924706               1.27822781             231.157883E-03  




