
                     X                   AVERAGE_SDV3             AVERAGE_SDV4             AVERAGE_SDV5             AVERAGE_SDV9            AVERAGE_SDV10            AVERAGE_SDV11     

                   0.                       0.                       0.                       0.                       0.                       0.                       0.            
                 120.                       5.20137548               4.33803415             864.322571E-03           663.652771E-03           553.480164E-03           110.27742E-03   
                 600.                       8.41188908               7.08897591               1.32340884               1.07318842             904.349609E-03           168.81636E-03   
                   1.79999995E+03           9.07827473               7.66061258               1.41881061               1.15820169             977.223816E-03           180.954178E-03  
                   7.19999981E+03           9.0910902                7.67085457               1.42056108               1.15982926             978.439453E-03           181.152176E-03  




