
                     X                   AVERAGE_SDV3             AVERAGE_SDV4             AVERAGE_SDV5             AVERAGE_SDV9            AVERAGE_SDV10            AVERAGE_SDV11     

                   0.                       0.                       0.                       0.                       0.                       0.                       0.            
                 120.                       4.02003765               3.32426858             695.185486E-03           512.731628E-03           424.116638E-03            88.6745529E-03 
                 600.                       6.25747347               5.2405901                1.01493454             798.200256E-03           668.63562E-03            129.497177E-03  
                   1.79999995E+03           8.83158684               7.44716454               1.38311338               1.12657213             950.254883E-03           176.448898E-03  
                   7.19999981E+03          10.2281361                8.64404964               1.58272052               1.30499637               1.10298109             201.887924E-03  




