
                     X                   AVERAGE_SDV3             AVERAGE_SDV4             AVERAGE_SDV5             AVERAGE_SDV9            AVERAGE_SDV10            AVERAGE_SDV11     

                   0.                       0.                       0.                       0.                       0.                       0.                       0.            
                 120.                       6.7237463                5.64158249               1.08193207             857.69397E-03            719.537598E-03           138.019531E-03  
                 600.                      10.4475031                8.83308601               1.61387992               1.33271396               1.1265924              205.90918E-03   
                   1.79999995E+03          10.9323874                9.2487812                1.68335605               1.39447379               1.17967045             214.766754E-03  
                   7.19999981E+03          10.9352884                9.24983788               1.68353844               1.3945365                1.1797111              214.811523E-03  




