
                     X                   AVERAGE_SDV3             AVERAGE_SDV4             AVERAGE_SDV5             AVERAGE_SDV9            AVERAGE_SDV10            AVERAGE_SDV11     

                   0.                       0.                       0.                       0.                       0.                       0.                       0.            
                 120.                       5.41268158               4.51785183             894.32196E-03            690.432129E-03           576.360901E-03           114.119255E-03  
                 600.                       8.74841499               7.37724543               1.37155831               1.11607766             941.192139E-03           174.964233E-03  
                   1.79999995E+03           9.43649006               7.96504307               1.46979415               1.20377421               1.01630139             187.481781E-03  
                   7.19999981E+03           9.44701576               7.9722724                1.47145176               1.20467305               1.01743531             187.624344E-03  




