
                     X                   AVERAGE_SDV3             AVERAGE_SDV4             AVERAGE_SDV5             AVERAGE_SDV9            AVERAGE_SDV10            AVERAGE_SDV11     

                   0.                       0.                       0.                       0.                       0.                       0.                       0.            
                 120.                       4.22221613               3.49825573             724.130188E-03           538.591553E-03           446.174072E-03            92.3811798E-03 
                 600.                       6.73227787               5.65029955               1.08319461             858.909485E-03           720.885864E-03           138.177032E-03  
                   1.79999995E+03           9.34001637               7.88382626               1.45596409               1.1916523                1.00593567             185.708481E-03  
                   7.19999981E+03          10.4511375                8.83804512               1.61466432               1.33334887               1.12734699             206.007263E-03  




