
                     X                   AVERAGE_SDV3             AVERAGE_SDV4             AVERAGE_SDV5             AVERAGE_SDV9            AVERAGE_SDV10            AVERAGE_SDV11     

                   0.                       0.                       0.                       0.                       0.                       0.                       0.            
                 120.                       7.07622814               5.94462585               1.13257563             902.924438E-03           758.251221E-03           144.468628E-03  
                 600.                      10.6645947                9.02134228               1.64525032               1.36043632               1.15069842             209.906784E-03  
                   1.79999995E+03          11.0012817                9.31203556               1.69400382               1.40351069               1.18755162             216.017517E-03  
                   7.19999981E+03          11.0020685                9.31231117               1.69426346               1.40359426               1.18757951             216.173706E-03  




