
                     X                   AVERAGE_SDV3             AVERAGE_SDV4             AVERAGE_SDV5             AVERAGE_SDV9            AVERAGE_SDV10            AVERAGE_SDV11     

                   0.                       0.                       0.                       0.                       0.                       0.                       0.            
                 120.                       5.24851704               4.37652445             871.097839E-03           669.373779E-03           558.287903E-03           111.110916E-03  
                 600.                       7.84509993               6.60183954               1.24223185               1.00063336             842.141846E-03           158.448456E-03  
                   1.79999995E+03           8.07607365               6.79778194               1.27484393               1.02986932             867.25885E-03            162.631332E-03  
                   7.19999981E+03           8.07641506               6.79790449               1.27487779               1.02988434             867.294617E-03           162.633499E-03  




