
                     X                   AVERAGE_SDV3             AVERAGE_SDV4             AVERAGE_SDV5             AVERAGE_SDV9            AVERAGE_SDV10            AVERAGE_SDV11     

                   0.                       0.                       0.                       0.                       0.                       0.                       0.            
                 120.                       5.18634367               4.32398701             862.086182E-03           661.462891E-03           551.59491E-03            109.976311E-03  
                 600.                       7.6856389                6.46560955               1.2192415              980.354431E-03           824.815125E-03           155.567245E-03  
                   1.79999995E+03           7.88903332               6.64015293               1.24855375               1.00605536             847.185425E-03           159.214737E-03  
                   7.19999981E+03           7.8892355                6.64036036               1.24857664               1.00606656             847.210754E-03           159.216187E-03  




