
                     X                   AVERAGE_SDV3             AVERAGE_SDV4             AVERAGE_SDV5             AVERAGE_SDV9            AVERAGE_SDV10            AVERAGE_SDV11     

                   0.                       0.                       0.                       0.                       0.                       0.                       0.            
                 120.                       3.33069015               2.73421144             596.698425E-03           424.945923E-03           348.754547E-03            76.1020279E-03 
                 600.                       4.31329107               3.57561946             737.324585E-03           550.196777E-03           456.194183E-03            94.0242081E-03 
                   1.79999995E+03           6.05267048               5.06758404             986.101624E-03           772.216431E-03           646.333557E-03           125.777084E-03  
                   7.19999981E+03           8.94821548               7.54999733               1.39994097               1.14170456             962.911316E-03           178.582062E-03  




