
                     X                   AVERAGE_SDV3             AVERAGE_SDV4             AVERAGE_SDV5             AVERAGE_SDV9            AVERAGE_SDV10            AVERAGE_SDV11     

                   0.                       0.                       0.                       0.                       0.                       0.                       0.            
                 120.                       4.0236845                3.32775927             695.889954E-03           513.379456E-03           424.534637E-03            88.7644958E-03 
                 600.                       6.26538134               5.24833679               1.01646173             799.106812E-03           669.6297E-03             129.681885E-03  
                   1.79999995E+03           8.84075928               7.45534754               1.38462806               1.12782979             951.230652E-03           176.621933E-03  
                   7.19999981E+03          10.2333174                8.64791393               1.58347178               1.30552769               1.10347569             201.995148E-03  




