
                     X                   AVERAGE_SDV3             AVERAGE_SDV4             AVERAGE_SDV5             AVERAGE_SDV9            AVERAGE_SDV10            AVERAGE_SDV11     

                   0.                       0.                       0.                       0.                       0.                       0.                       0.            
                 120.                       4.0328722                3.33575296             696.995789E-03           514.504517E-03           425.615295E-03            88.9398346E-03 
                 600.                       6.32550526               5.29907942               1.02486932             806.838745E-03           676.250793E-03           130.759933E-03  
                   1.79999995E+03           8.88425064               7.49286795               1.39065874               1.13331509             955.846191E-03           177.417068E-03  
                   7.19999981E+03          10.1749144                8.6010294                1.5754118                1.29823291               1.09711242             200.956833E-03  




