
                     X                   AVERAGE_SDV3             AVERAGE_SDV4             AVERAGE_SDV5             AVERAGE_SDV9            AVERAGE_SDV10            AVERAGE_SDV11     

                   0.                       0.                       0.                       0.                       0.                       0.                       0.            
                 120.                       4.22034264               3.49691296             723.895813E-03           538.311401E-03           445.996674E-03            92.3530884E-03 
                 600.                       6.72746468               5.64442635               1.08236504             858.257629E-03           720.153503E-03           138.091461E-03  
                   1.79999995E+03           9.33619118               7.88005018               1.45541966               1.19090354               1.00543869             185.636032E-03  
                   7.19999981E+03          10.4512129                8.8381443                1.61471796               1.33340991               1.12735701             206.008926E-03  




