
                     X                   AVERAGE_SDV3             AVERAGE_SDV4             AVERAGE_SDV5             AVERAGE_SDV9            AVERAGE_SDV10            AVERAGE_SDV11     

                   0.                       0.                       0.                       0.                       0.                       0.                       0.            
                 120.                       4.03654814               3.33913589             697.642883E-03           514.963623E-03           426.051605E-03            88.9897079E-03 
                 600.                       6.33652449               5.30855656               1.02644849             808.211731E-03           677.293518E-03           130.957123E-03  
                   1.79999995E+03           8.8938694                7.50146294               1.39223635               1.13470948             956.960266E-03           177.611816E-03  
                   7.19999981E+03          10.1748219                8.60099792               1.57543135               1.29818964               1.0971024              200.955124E-03  




