
                     X                   AVERAGE_SDV3             AVERAGE_SDV4             AVERAGE_SDV5             AVERAGE_SDV9            AVERAGE_SDV10            AVERAGE_SDV11     

                   0.                       0.                       0.                       0.                       0.                       0.                       0.            
                 120.                       3.97468591               3.28596616             688.660767E-03           506.977386E-03           419.048828E-03            87.8287048E-03 
                 600.                       5.26341677               4.39029646             873.175293E-03           671.442139E-03           560.017029E-03           111.347542E-03  
                   1.79999995E+03           7.46876812               6.2814374                1.18868327             952.91748E-03            801.26178E-03            151.602417E-03  
                   7.19999981E+03          10.805644                 9.14161205               1.66562629               1.37866747               1.1663034              212.458786E-03  




