
                     X                   AVERAGE_SDV3             AVERAGE_SDV4             AVERAGE_SDV5             AVERAGE_SDV9            AVERAGE_SDV10            AVERAGE_SDV11     

                   0.                       0.                       0.                       0.                       0.                       0.                       0.            
                 120.                       4.04445601               3.34590006             698.726318E-03           516.094543E-03           426.78952E-03             89.1470337E-03 
                 600.                       6.34369469               5.31627798               1.02759075             809.350952E-03           677.971252E-03           131.082138E-03  
                   1.79999995E+03           8.91039753               7.51667738               1.39454257               1.1368134              958.795288E-03           177.872971E-03  
                   7.19999981E+03          10.2062674                8.6286087                1.57985532               1.30240178               1.10044682             201.507187E-03  




