
                     X                   AVERAGE_SDV3             AVERAGE_SDV4             AVERAGE_SDV5             AVERAGE_SDV9            AVERAGE_SDV10            AVERAGE_SDV11     

                   0.                       0.                       0.                       0.                       0.                       0.                       0.            
                 120.                       5.75160503               4.80829096             942.921936E-03           733.75415E-03            613.486755E-03           120.29071E-03   
                 600.                       8.86168003               7.47439528               1.38762629               1.1304431              953.430359E-03           177.031372E-03  
                   1.79999995E+03           9.23712254               7.79653406               1.44135678               1.17842877             994.431946E-03           183.842804E-03  
                   7.19999981E+03           9.23950863               7.7972002                1.44140661               1.17849481             994.57666E-03            183.932892E-03  




