
                     X                   AVERAGE_SDV3             AVERAGE_SDV4             AVERAGE_SDV5             AVERAGE_SDV9            AVERAGE_SDV10            AVERAGE_SDV11     

                   0.                       0.                       0.                       0.                       0.                       0.                       0.            
                 120.                       4.04541588               3.3475647              698.852356E-03           516.142944E-03           427.002289E-03            89.1558609E-03 
                 600.                       6.34697247               5.31820393               1.02814388             809.484802E-03           678.501587E-03           131.130081E-03  
                   1.79999995E+03           8.91355515               7.51900482               1.3948735                1.13694012             959.06842E-03            177.926651E-03  
                   7.19999981E+03          10.206049                 8.62752819               1.57981598               1.30214751               1.10040259             201.499374E-03  




