
                     X                   AVERAGE_SDV3             AVERAGE_SDV4             AVERAGE_SDV5             AVERAGE_SDV9            AVERAGE_SDV10            AVERAGE_SDV11     

                   0.                       0.                       0.                       0.                       0.                       0.                       0.            
                 120.                       4.03650188               3.33875537             697.665222E-03           514.942688E-03           425.858093E-03            88.9913254E-03 
                 600.                       6.35129452               5.32190895               1.02862382             810.123779E-03           678.938782E-03           131.233536E-03  
                   1.79999995E+03           8.89892101               7.50571442               1.39308834               1.13519406             957.672913E-03           177.733124E-03  
                   7.19999981E+03          10.1447468                8.57439041               1.57133114               1.29439795               1.09407508             200.433533E-03  




