
                     X                   AVERAGE_SDV3             AVERAGE_SDV4             AVERAGE_SDV5             AVERAGE_SDV9            AVERAGE_SDV10            AVERAGE_SDV11     

                   0.                       0.                       0.                       0.                       0.                       0.                       0.            
                 120.                       4.0400815                3.34236526             698.187805E-03           515.385254E-03           426.420166E-03            89.0933685E-03 
                 600.                       6.34985685               5.32146883               1.02848887             809.939148E-03           678.913452E-03           131.218979E-03  
                   1.79999995E+03           8.90654087               7.51288033               1.39411914               1.13617504             958.332397E-03           177.846405E-03  
                   7.19999981E+03          10.1712265                8.59786892               1.57486832               1.29779661               1.0965544              200.896652E-03  




