
                     X                   AVERAGE_SDV3             AVERAGE_SDV4             AVERAGE_SDV5             AVERAGE_SDV9            AVERAGE_SDV10            AVERAGE_SDV11     

                   0.                       0.                       0.                       0.                       0.                       0.                       0.            
                 120.                       4.36534882               3.61990237             744.580017E-03           556.779114E-03           461.829987E-03            95.0183411E-03 
                 600.                       7.36842155               6.19336271               1.17417359             940.068787E-03           790.332458E-03           149.814362E-03  
                   1.79999995E+03           9.08696747               7.66795015               1.4198482                1.15930581             978.476135E-03           181.160583E-03  
                   7.19999981E+03           9.29405308               7.84452248               1.44929552               1.18602026               1.0013988              185.019196E-03  




