
                     X                   AVERAGE_SDV3             AVERAGE_SDV4             AVERAGE_SDV5             AVERAGE_SDV9            AVERAGE_SDV10            AVERAGE_SDV11     

                   0.                       0.                       0.                       0.                       0.                       0.                       0.            
                 120.                       4.23376179               3.50822544             725.883972E-03           540.262085E-03           447.471191E-03            92.5770035E-03 
                 600.                       6.75217676               5.66698742               1.08612359             861.530762E-03           722.771606E-03           138.554443E-03  
                   1.79999995E+03           9.36553669               7.90537453               1.45963407               1.1946702                1.00857735             186.183609E-03  
                   7.19999981E+03          10.4758501                8.85868835               1.61843359               1.33659315               1.13021863             206.480713E-03  




