
                     X                   AVERAGE_SDV3             AVERAGE_SDV4             AVERAGE_SDV5             AVERAGE_SDV9            AVERAGE_SDV10            AVERAGE_SDV11     

                   0.                       0.                       0.                       0.                       0.                       0.                       0.            
                 120.                       3.11761475               2.55074644             566.214539E-03           397.600494E-03           325.421143E-03            72.2259369E-03 
                 600.                       3.93452978               3.25121164             683.042786E-03           501.964203E-03           414.725922E-03            87.1661606E-03 
                   1.79999995E+03           5.44131708               4.54241323             898.658508E-03           694.328003E-03           579.451904E-03           114.635788E-03  
                   7.19999981E+03           8.23191643               6.93462563               1.29767942               1.05026031             884.707581E-03           165.539337E-03  




