
                     X                   AVERAGE_SDV3             AVERAGE_SDV4             AVERAGE_SDV5             AVERAGE_SDV9            AVERAGE_SDV10            AVERAGE_SDV11     

                   0.                       0.                       0.                       0.                       0.                       0.                       0.            
                 120.                       4.18848801               3.47006297             719.356995E-03           534.327026E-03           442.52066E-03             91.771843E-03  
                 600.                       6.64399385               5.57261229               1.07018018             847.334473E-03           710.894653E-03           136.582779E-03  
                   1.79999995E+03           9.25764179               7.81308746               1.44404793               1.18085086             996.884766E-03           184.257782E-03  
                   7.19999981E+03          10.4409056                8.82696438               1.61302352               1.3319937                1.12621224             205.807175E-03  




