
                     X                   AVERAGE_SDV3             AVERAGE_SDV4             AVERAGE_SDV5             AVERAGE_SDV9            AVERAGE_SDV10            AVERAGE_SDV11     

                   0.                       0.                       0.                       0.                       0.                       0.                       0.            
                 120.                       4.04926777               3.34972239             699.528137E-03           516.657104E-03           427.34906E-03             89.2373886E-03 
                 600.                       6.37624645               5.34521675               1.03260648             813.718445E-03           681.964233E-03           131.716736E-03  
                   1.79999995E+03           8.93093395               7.53486252               1.39741981               1.13961959             961.209961E-03           178.294647E-03  
                   7.19999981E+03          10.1683664                8.59591198               1.57426178               1.29738414               1.09637046             200.856201E-03  




