
                     X                   AVERAGE_SDV3             AVERAGE_SDV4             AVERAGE_SDV5             AVERAGE_SDV9            AVERAGE_SDV10            AVERAGE_SDV11     

                   0.                       0.                       0.                       0.                       0.                       0.                       0.            
                 120.                       4.61964512               3.83852148             781.183594E-03           589.37323E-03            489.603729E-03            99.6525497E-03 
                 600.                       7.5023737                6.30986214               1.1932143              957.159973E-03           804.920166E-03           152.216919E-03  
                   1.79999995E+03           8.14507961               6.8599782                1.28513908               1.03904986             875.26593E-03            163.912933E-03  
                   7.19999981E+03           8.15624619               6.87147236               1.28652084               1.04051864             876.545593E-03           164.104141E-03  




