
                     X                   AVERAGE_SDV3             AVERAGE_SDV4             AVERAGE_SDV5             AVERAGE_SDV9            AVERAGE_SDV10            AVERAGE_SDV11     

                   0.                       0.                       0.                       0.                       0.                       0.                       0.            
                 120.                       5.52719498               4.61497498             910.828979E-03           704.870789E-03           588.818848E-03           116.188759E-03  
                 600.                       8.34567928               7.03050613               1.31343293               1.06458962             897.048035E-03           167.607346E-03  
                   1.79999995E+03           8.62315178               7.2661581                1.35284352               1.0998317              927.347778E-03           172.659821E-03  
                   7.19999981E+03           8.62414551               7.26644611               1.35287535               1.09994578             927.356873E-03           172.690598E-03  




