
                     X                   AVERAGE_SDV3             AVERAGE_SDV4             AVERAGE_SDV5             AVERAGE_SDV9            AVERAGE_SDV10            AVERAGE_SDV11     

                   0.                       0.                       0.                       0.                       0.                       0.                       0.            
                 120.                       4.0335536                3.33689022             697.259521E-03           514.507263E-03           425.662781E-03            88.9534683E-03 
                 600.                       6.32521915               5.29879427               1.0249387              806.865723E-03           676.179688E-03           130.732941E-03  
                   1.79999995E+03           8.88384914               7.49331093               1.39088941               1.13351762             956.094849E-03           177.411636E-03  
                   7.19999981E+03          10.1780548                8.60426331               1.57605278               1.29876947               1.09770846             201.016174E-03  




