
                     X                   AVERAGE_SDV3             AVERAGE_SDV4             AVERAGE_SDV5             AVERAGE_SDV9            AVERAGE_SDV10            AVERAGE_SDV11     

                   0.                       0.                       0.                       0.                       0.                       0.                       0.            
                 120.                       4.0508337                3.35081649             699.702271E-03           516.654907E-03           427.496735E-03            89.2546844E-03 
                 600.                       6.38518906               5.35092592               1.03349984             814.529663E-03           682.585144E-03           131.852066E-03  
                   1.79999995E+03           8.93528271               7.53739357               1.39801323               1.13976467             961.509583E-03           178.342575E-03  
                   7.19999981E+03          10.1595516                8.58555508               1.57272577               1.29572749               1.09521878             200.65834E-03   




