
                     X                   AVERAGE_SDV3             AVERAGE_SDV4             AVERAGE_SDV5             AVERAGE_SDV9            AVERAGE_SDV10            AVERAGE_SDV11     

                   0.                       0.                       0.                       0.                       0.                       0.                       0.            
                 120.                       4.94251442               4.11523533             827.225403E-03           630.684509E-03           525.053833E-03           105.537506E-03  
                 600.                       8.36355686               7.04740572               1.31648433               1.06702948             898.964661E-03           167.94516E-03   
                   1.79999995E+03          10.053401                 8.49555016               1.55775273               1.28261757               1.08370328             198.752594E-03  
                   7.19999981E+03          10.2071953                8.62500095               1.57906687               1.30185997               1.10026371             201.543106E-03  




