
                     X                   AVERAGE_SDV3             AVERAGE_SDV4             AVERAGE_SDV5             AVERAGE_SDV9            AVERAGE_SDV10            AVERAGE_SDV11     

                   0.                       0.                       0.                       0.                       0.                       0.                       0.            
                 120.                       4.21793222               3.49534178             723.73053E-03            538.112671E-03           445.831787E-03            92.3019791E-03 
                 600.                       6.70376015               5.62573051               1.07941937             855.291382E-03           717.670044E-03           137.674866E-03  
                   1.79999995E+03           9.32636929               7.87239885               1.4541744                1.18989742               1.00421333             185.469757E-03  
                   7.19999981E+03          10.4833431                8.86543369               1.61936438               1.33750045               1.13079715             206.583679E-03  




