
                     X                   AVERAGE_SDV3             AVERAGE_SDV4             AVERAGE_SDV5             AVERAGE_SDV9            AVERAGE_SDV10            AVERAGE_SDV11     

                   0.                       0.                       0.                       0.                       0.                       0.                       0.            
                 120.                       4.25840998               3.52999878             729.529541E-03           543.322144E-03           450.21405E-03             93.0432816E-03 
                 600.                       6.78420544               5.69415092               1.09081507             865.498718E-03           726.485352E-03           139.130585E-03  
                   1.79999995E+03           9.42036819               7.95454597               1.46758986               1.20187664               1.01483166             187.218842E-03  
                   7.19999981E+03          10.5610056                8.93037605               1.6301682                1.34731269               1.13911748             207.970779E-03  




