
                     X                   AVERAGE_SDV3             AVERAGE_SDV4             AVERAGE_SDV5             AVERAGE_SDV9            AVERAGE_SDV10            AVERAGE_SDV11     

                   0.                       0.                       0.                       0.                       0.                       0.                       0.            
                 120.                       4.01787567               3.32320142             695.117737E-03           512.603088E-03           424.038666E-03            88.6604996E-03 
                 600.                       6.25214672               5.23613644               1.01459563             797.395691E-03           668.117126E-03           129.404953E-03  
                   1.79999995E+03           8.82699108               7.44274187               1.38275135               1.12606907             949.69281E-03            176.351105E-03  
                   7.19999981E+03          10.2292013                8.64517212               1.58309352               1.30511665               1.10313869             201.924362E-03  




