
                     X                   AVERAGE_SDV3             AVERAGE_SDV4             AVERAGE_SDV5             AVERAGE_SDV9            AVERAGE_SDV10            AVERAGE_SDV11     

                   0.                       0.                       0.                       0.                       0.                       0.                       0.            
                 120.                       4.1509757                3.43700457             714.112732E-03           529.578064E-03           438.469574E-03            91.0814743E-03 
                 600.                       6.87083721               5.76715612               1.10281491             876.48291E-03            735.811707E-03           140.681305E-03  
                   1.79999995E+03           9.0646286                7.64801168               1.41638517               1.15638292             975.695801E-03           180.678131E-03  
                   7.19999981E+03           9.60320282               8.10911655               1.49317086               1.22521067               1.0348047              190.46376E-03   




