
                     X                   AVERAGE_SDV3             AVERAGE_SDV4             AVERAGE_SDV5             AVERAGE_SDV9            AVERAGE_SDV10            AVERAGE_SDV11     

                   0.                       0.                       0.                       0.                       0.                       0.                       0.            
                 120.                       2.88858199               2.35563588             533.572876E-03           368.645874E-03           300.475311E-03            68.0782852E-03 
                 600.                       3.8934021                3.21624613             677.173645E-03           496.741943E-03           410.273132E-03            86.4107285E-03 
                   1.79999995E+03           5.55055141               4.63491392             914.21167E-03            708.075073E-03           591.383911E-03           116.654205E-03  
                   7.19999981E+03           7.81431341               6.5753231                1.23793209             996.785278E-03           839.049011E-03           157.900131E-03  




