
                     X                   AVERAGE_SDV3             AVERAGE_SDV4             AVERAGE_SDV5             AVERAGE_SDV9            AVERAGE_SDV10            AVERAGE_SDV11     

                   0.                       0.                       0.                       0.                       0.                       0.                       0.            
                 120.                       6.49086857               5.44355631               1.04875684             828.254517E-03           694.256226E-03           133.811539E-03  
                 600.                       9.32377625               7.87092495               1.45337248               1.18950582               1.00391984             185.470322E-03  
                   1.79999995E+03           9.48754692               8.01129627               1.47657061               1.21056998               1.02165747             188.44342E-03   
                   7.19999981E+03           9.48756123               8.01135159               1.4765774                1.21057117               1.02169681             188.445145E-03  




