
                     X                   AVERAGE_SDV3             AVERAGE_SDV4             AVERAGE_SDV5             AVERAGE_SDV9            AVERAGE_SDV10            AVERAGE_SDV11     

                   0.                       0.                       0.                       0.                       0.                       0.                       0.            
                 120.                       4.19426346               3.47413898             720.199768E-03           534.947632E-03           443.153473E-03            91.8553848E-03 
                 600.                       6.67394781               5.5991621                1.07495379             851.464783E-03           714.344055E-03           137.14241E-03   
                   1.79999995E+03           9.27219677               7.82601213               1.44633305               1.18288958             998.499512E-03           184.49057E-03   
                   7.19999981E+03          10.4052448                8.7956152                1.60779166               1.32738018               1.12204492             205.118317E-03  




