
                     X                   AVERAGE_SDV3             AVERAGE_SDV4             AVERAGE_SDV5             AVERAGE_SDV9            AVERAGE_SDV10            AVERAGE_SDV11     

                   0.                       0.                       0.                       0.                       0.                       0.                       0.            
                 120.                       4.99508476               4.1598897              834.577087E-03           637.027893E-03           530.628845E-03           106.455421E-03  
                 600.                       8.44685173               7.11891031               1.32822478               1.07747304             908.037292E-03           169.450806E-03  
                   1.79999995E+03          10.0683908                8.5099678                1.560009                 1.28466856               1.08549941             199.051193E-03  
                   7.19999981E+03          10.1990547                8.62434006               1.57841575               1.301072                 1.09997046             201.517532E-03  




