
                     X                   AVERAGE_SDV3             AVERAGE_SDV4             AVERAGE_SDV5             AVERAGE_SDV9            AVERAGE_SDV10            AVERAGE_SDV11     

                   0.                       0.                       0.                       0.                       0.                       0.                       0.            
                 120.                       3.66048193               3.0174346              643.964722E-03           466.956207E-03           384.807709E-03            82.1516418E-03 
                 600.                       5.55301094               4.63922453             914.648682E-03           708.452576E-03           591.732483E-03           116.661957E-03  
                   1.79999995E+03           7.92611742               6.67309237               1.25372636               1.01132023             851.318848E-03           159.927048E-03  
                   7.19999981E+03           9.515131                 8.03342819               1.48060894               1.21393967               1.0249213              188.903702E-03  




