
                     X                   AVERAGE_SDV3             AVERAGE_SDV4             AVERAGE_SDV5             AVERAGE_SDV9            AVERAGE_SDV10            AVERAGE_SDV11     

                   0.                       0.                       0.                       0.                       0.                       0.                       0.            
                 120.                       4.2413435                3.51426601             726.894409E-03           541.125793E-03           448.286987E-03            92.7651749E-03 
                 600.                       6.97852612               5.85975218               1.11860466             890.381042E-03           747.806641E-03           142.701416E-03  
                   1.79999995E+03           9.31279755               7.85964727               1.45193267               1.18792343               1.0028801              185.238876E-03  
                   7.19999981E+03           9.95792675               8.40944672               1.54358363               1.26982939               1.07323551             196.910278E-03  




