
                     X                   AVERAGE_SDV3             AVERAGE_SDV4             AVERAGE_SDV5             AVERAGE_SDV9            AVERAGE_SDV10            AVERAGE_SDV11     

                   0.                       0.                       0.                       0.                       0.                       0.                       0.            
                 120.                       5.48380995               4.57807493             904.469971E-03           699.424561E-03           584.166687E-03           115.392456E-03  
                 600.                       9.21439362               7.77721977               1.43807828               1.17554748             992.230042E-03           183.468506E-03  
                   1.79999995E+03          10.5910597                8.95721245               1.6349721                1.35108352               1.14264977             208.550262E-03  
                   7.19999981E+03          10.6583605                9.01801777               1.64453113               1.35964859               1.15003872             209.849762E-03  




