
                     X                   AVERAGE_SDV3             AVERAGE_SDV4             AVERAGE_SDV5             AVERAGE_SDV9            AVERAGE_SDV10            AVERAGE_SDV11     

                   0.                       0.                       0.                       0.                       0.                       0.                       0.            
                 120.                       5.89507294               4.93109369             963.55542E-03            752.088623E-03           629.242371E-03           122.913673E-03  
                 600.                       8.46145153               7.12973785               1.33030832               1.07933009             909.734558E-03           169.698792E-03  
                   1.79999995E+03           8.60742664               7.25391197               1.35149753               1.09788907             925.780579E-03           172.365906E-03  
                   7.19999981E+03           8.60744286               7.25391626               1.35149765               1.0979749              925.780823E-03           172.365906E-03  




