
                     X                   AVERAGE_SDV3             AVERAGE_SDV4             AVERAGE_SDV5             AVERAGE_SDV9            AVERAGE_SDV10            AVERAGE_SDV11     

                   0.                       0.                       0.                       0.                       0.                       0.                       0.            
                 120.                       5.57131338               4.65394926             917.227356E-03           710.914185E-03           593.737122E-03           117.026306E-03  
                 600.                       8.45277882               7.12288284               1.32903564               1.07845438             908.748047E-03           169.539703E-03  
                   1.79999995E+03           8.74986649               7.37571812               1.37121761               1.11619997             941.348267E-03           174.936386E-03  
                   7.19999981E+03           8.74999714               7.37596083               1.37134874               1.1167711              941.382996E-03           174.939529E-03  




