
                     X                   AVERAGE_SDV3             AVERAGE_SDV4             AVERAGE_SDV5             AVERAGE_SDV9            AVERAGE_SDV10            AVERAGE_SDV11     

                   0.                       0.                       0.                       0.                       0.                       0.                       0.            
                 120.                       4.84277725               4.02932549             812.818787E-03           617.846985E-03           514.075134E-03           103.695595E-03  
                 600.                       8.18605328               6.89525509               1.29105151               1.04430926             879.593811E-03           164.694199E-03  
                   1.79999995E+03           9.73655319               8.22372341               1.51258802               1.24206889               1.04910851             192.962555E-03  
                   7.19999981E+03           9.85581303               8.3294239                1.53027415               1.2577951                1.06250012             195.200287E-03  




