
                     X                   AVERAGE_SDV3             AVERAGE_SDV4             AVERAGE_SDV5             AVERAGE_SDV9            AVERAGE_SDV10            AVERAGE_SDV11     

                   0.                       0.                       0.                       0.                       0.                       0.                       0.            
                 120.                       5.35360479               4.46689653             885.915588E-03           683.139587E-03           569.875061E-03           113.005913E-03  
                 600.                       9.06516647               7.6492033                1.41637182               1.15655267             975.844055E-03           180.722214E-03  
                   1.79999995E+03          10.8636837                9.19091511               1.67334235               1.38599408               1.17242706             213.502228E-03  
                   7.19999981E+03          11.0210857                9.32286167               1.69538021               1.40616727               1.18906844             216.310654E-03  




