
                     X                   AVERAGE_SDV3             AVERAGE_SDV4             AVERAGE_SDV5             AVERAGE_SDV9            AVERAGE_SDV10            AVERAGE_SDV11     

                   0.                       0.                       0.                       0.                       0.                       0.                       0.            
                 120.                       3.81056309               3.14428973             665.322571E-03           486.136475E-03           401.172852E-03            84.8947372E-03 
                 600.                       6.41471624               5.37700462               1.03805315             818.426147E-03           686.137451E-03           132.421738E-03  
                   1.79999995E+03           7.58775473               6.38239479               1.20563865             967.982971E-03           814.34491E-03            153.819778E-03  
                   7.19999981E+03           7.67486095               6.45665932               1.21844482             979.009583E-03           824.103699E-03           155.414612E-03  




