
                     X                   AVERAGE_SDV3             AVERAGE_SDV4             AVERAGE_SDV5             AVERAGE_SDV9            AVERAGE_SDV10            AVERAGE_SDV11     

                   0.                       0.                       0.                       0.                       0.                       0.                       0.            
                 120.                       5.33428955               4.45106697             883.330566E-03           680.536133E-03           567.786438E-03           112.695549E-03  
                 600.                       7.81740618               6.57906961               1.23842645             997.197571E-03           839.225708E-03           157.947876E-03  
                   1.79999995E+03           7.99718332               6.73350763               1.26416671               1.0198586              858.963196E-03           161.175644E-03  
                   7.19999981E+03           7.99719572               6.73352957               1.26417029               1.01987588             858.965759E-03           161.175842E-03  




