
                     X                   AVERAGE_SDV3             AVERAGE_SDV4             AVERAGE_SDV5             AVERAGE_SDV9            AVERAGE_SDV10            AVERAGE_SDV11     

                   0.                       0.                       0.                       0.                       0.                       0.                       0.            
                 120.                       4.05855846               3.35747123             700.779358E-03           517.708618E-03           428.379242E-03            89.421051E-03  
                 600.                       6.4022584                5.36630774               1.03596795             816.75238E-03            684.442261E-03           132.173691E-03  
                   1.79999995E+03           8.95532894               7.55527878               1.40110397               1.14258814             963.705017E-03           178.729111E-03  
                   7.19999981E+03          10.1728544                8.59859848               1.57516921               1.29795194               1.09694457             200.922043E-03  




