
                     X                   AVERAGE_SDV3             AVERAGE_SDV4             AVERAGE_SDV5             AVERAGE_SDV9            AVERAGE_SDV10            AVERAGE_SDV11     

                   0.                       0.                       0.                       0.                       0.                       0.                       0.            
                 120.                       3.42626119               2.81668544             610.2005E-03             437.069763E-03           359.362701E-03            77.8117218E-03 
                 600.                       3.79945397               3.13646007             663.807312E-03           484.655365E-03           400.056946E-03            84.6721497E-03 
                   1.79999995E+03           4.62042379               3.84068871             781.296021E-03           589.441833E-03           489.903625E-03            99.6725845E-03 
                   7.19999981E+03           7.09649849               5.96278048               1.13542938             905.438843E-03           760.638367E-03           144.843521E-03  




