
                     X                   AVERAGE_SDV3             AVERAGE_SDV4             AVERAGE_SDV5             AVERAGE_SDV9            AVERAGE_SDV10            AVERAGE_SDV11     

                   0.                       0.                       0.                       0.                       0.                       0.                       0.            
                 120.                       4.01840973               3.32284021             694.954529E-03           512.629578E-03           423.952179E-03            88.6552734E-03 
                 600.                       6.24948406               5.23528147               1.01428521             797.202026E-03           667.954529E-03           129.365723E-03  
                   1.79999995E+03           8.82456398               7.44114113               1.38225901               1.12580943             949.498962E-03           176.299118E-03  
                   7.19999981E+03          10.2311182                8.64682865               1.58326769               1.30526161               1.10329258             201.941055E-03  




