
                     X                   AVERAGE_SDV3             AVERAGE_SDV4             AVERAGE_SDV5             AVERAGE_SDV9            AVERAGE_SDV10            AVERAGE_SDV11     

                   0.                       0.                       0.                       0.                       0.                       0.                       0.            
                 120.                       3.6292882                2.98982835             639.274292E-03           462.98056E-03            381.312317E-03            81.5489502E-03 
                 600.                       5.39646626               4.50496721             892.174011E-03           688.380493E-03           574.595398E-03           113.812408E-03  
                   1.79999995E+03           7.74814796               6.52068853               1.22846162             988.539368E-03           831.660583E-03           156.712814E-03  
                   7.19999981E+03           9.57179451               8.0842104                1.48895967               1.22125232               1.03110707             189.936096E-03  




