
                     X                   AVERAGE_SDV3             AVERAGE_SDV4             AVERAGE_SDV5             AVERAGE_SDV9            AVERAGE_SDV10            AVERAGE_SDV11     

                   0.                       0.                       0.                       0.                       0.                       0.                       0.            
                 120.                       4.05976677               3.35912609             700.827393E-03           517.769348E-03           428.419189E-03            89.4384842E-03 
                 600.                       6.40396404               5.36695242               1.03606617             816.862305E-03           684.652039E-03           132.188873E-03  
                   1.79999995E+03           8.95788479               7.556499                 1.40127301               1.14274228             963.802795E-03           178.759583E-03  
                   7.19999981E+03          10.1746845                8.59975719               1.57531786               1.29807758               1.09701204             200.946365E-03  




