
                     X                   AVERAGE_SDV3             AVERAGE_SDV4             AVERAGE_SDV5             AVERAGE_SDV9            AVERAGE_SDV10            AVERAGE_SDV11     

                   0.                       0.                       0.                       0.                       0.                       0.                       0.            
                 120.                       3.99905157               3.30700111             692.368835E-03           510.25235E-03            421.797089E-03            88.3569565E-03 
                 600.                       6.60236025               5.5379014                1.06468356             842.239258E-03           706.486023E-03           135.835022E-03  
                   1.79999995E+03           7.34795856               6.17650175               1.17124701             937.376221E-03           787.909241E-03           149.426819E-03  
                   7.19999981E+03           7.37175941               6.19831038               1.17449486             939.918457E-03           790.544678E-03           149.863419E-03  




