
                     X                   AVERAGE_SDV3             AVERAGE_SDV4             AVERAGE_SDV5             AVERAGE_SDV9            AVERAGE_SDV10            AVERAGE_SDV11     

                   0.                       0.                       0.                       0.                       0.                       0.                       0.            
                 120.                       5.04433727               4.20262146             841.760254E-03           643.460388E-03           536.184692E-03           107.402718E-03  
                 600.                       8.49191666               7.15668201               1.33481288               1.08313203             912.95575E-03            170.266769E-03  
                   1.79999995E+03          10.7794294                9.11760712               1.66132653               1.37493098               1.16299343             211.962936E-03  
                   7.19999981E+03          11.1542072                9.43747044               1.71482837               1.42218482               1.20349169             218.749954E-03  




