
                     X                   AVERAGE_SDV3             AVERAGE_SDV4             AVERAGE_SDV5             AVERAGE_SDV9            AVERAGE_SDV10            AVERAGE_SDV11     

                   0.                       0.                       0.                       0.                       0.                       0.                       0.            
                 120.                       4.02364016               3.32747746             695.860596E-03           513.319946E-03           424.529877E-03            88.7626495E-03 
                 600.                       6.26468706               5.24786901               1.01631236             799.003113E-03           669.567444E-03           129.667923E-03  
                   1.79999995E+03           8.84020901               7.45480204               1.38442516               1.12768269             951.196838E-03           176.609207E-03  
                   7.19999981E+03          10.2340212                8.64807701               1.58353996               1.30555272               1.10357583             202.00029E-03   




