
                     X                   AVERAGE_SDV3             AVERAGE_SDV4             AVERAGE_SDV5             AVERAGE_SDV9            AVERAGE_SDV10            AVERAGE_SDV11     

                   0.                       0.                       0.                       0.                       0.                       0.                       0.            
                 120.                       4.04411888               3.3452065              698.563721E-03           515.942932E-03           426.781433E-03            89.1391907E-03 
                 600.                       6.35580397               5.32705832               1.02946472             810.871887E-03           679.496826E-03           131.330826E-03  
                   1.79999995E+03           8.91357327               7.51887274               1.39493108               1.13713455             959.096191E-03           177.972687E-03  
                   7.19999981E+03          10.1745625                8.5996418                1.57538104               1.2981379                1.09707963             200.952454E-03  




