
                     X                   AVERAGE_SDV3             AVERAGE_SDV4             AVERAGE_SDV5             AVERAGE_SDV9            AVERAGE_SDV10            AVERAGE_SDV11     

                   0.                       0.                       0.                       0.                       0.                       0.                       0.            
                 120.                       4.05224895               3.35206676             699.63739E-03            516.989929E-03           427.71347E-03             89.2712708E-03 
                 600.                       6.38311815               5.3511095                1.03328204             814.398315E-03           682.573181E-03           131.817612E-03  
                   1.79999995E+03           8.93600559               7.53993225               1.39808369               1.14010859             961.804504E-03           178.396454E-03  
                   7.19999981E+03          10.1675863                8.59489059               1.57410622               1.29728103               1.09630656             200.836563E-03  




