
                     X                   AVERAGE_SDV3             AVERAGE_SDV4             AVERAGE_SDV5             AVERAGE_SDV9            AVERAGE_SDV10            AVERAGE_SDV11     

                   0.                       0.                       0.                       0.                       0.                       0.                       0.            
                 120.                       5.77332973               4.82733345             946.044434E-03           736.551575E-03           615.810974E-03           120.703323E-03  
                 600.                       8.59436512               7.24624443               1.34935904               1.09652865             924.422729E-03           172.13887E-03   
                   1.79999995E+03           8.83276939               7.45133877               1.38307273               1.12664247             950.700989E-03           176.431091E-03  
                   7.19999981E+03           8.83292294               7.45213795               1.38308251               1.12665057             950.709839E-03           176.432724E-03  




