
                     X                   AVERAGE_SDV3             AVERAGE_SDV4             AVERAGE_SDV5             AVERAGE_SDV9            AVERAGE_SDV10            AVERAGE_SDV11     

                   0.                       0.                       0.                       0.                       0.                       0.                       0.            
                 120.                       3.2071116                2.62833071             578.991943E-03           409.080505E-03           335.256531E-03            73.8840408E-03 
                 600.                       3.87203026               3.19833755             674.078613E-03           493.990753E-03           407.9711E-03              86.0228882E-03 
                   1.79999995E+03           5.18270063               4.32010794             861.366821E-03           660.913147E-03           551.161804E-03           109.903778E-03  
                   7.19999981E+03           8.07930088               6.80188084               1.27565527               1.03045774             867.826904E-03           162.746552E-03  




