
                     X                   AVERAGE_SDV3             AVERAGE_SDV4             AVERAGE_SDV5             AVERAGE_SDV9            AVERAGE_SDV10            AVERAGE_SDV11     

                   0.                       0.                       0.                       0.                       0.                       0.                       0.            
                 120.                       4.84737396               4.03296852             813.659912E-03           618.310181E-03           514.515747E-03           103.785316E-03  
                 600.                       7.19484568               6.04561472               1.14938998             917.910889E-03           771.303772E-03           146.643509E-03  
                   1.79999995E+03           7.39057159               6.21442556               1.17721486             942.977661E-03           792.837463E-03           150.206909E-03  
                   7.19999981E+03           7.39061213               6.21484661               1.17727113             942.986328E-03           792.849609E-03           150.207916E-03  




