
                     X                   AVERAGE_SDV3             AVERAGE_SDV4             AVERAGE_SDV5             AVERAGE_SDV9            AVERAGE_SDV10            AVERAGE_SDV11     

                   0.                       0.                       0.                       0.                       0.                       0.                       0.            
                 120.                       4.05003166               3.35043669             699.521118E-03           516.801758E-03           427.445892E-03            89.2473068E-03 
                 600.                       6.38062096               5.34831667               1.03293037             814.102844E-03           682.337708E-03           131.762909E-03  
                   1.79999995E+03           8.93372345               7.53695774               1.39768362               1.13988042             961.501709E-03           178.339142E-03  
                   7.19999981E+03          10.1674213                8.59479713               1.57409394               1.2972554                1.09629858             200.8349E-03    




