
                     X                   AVERAGE_SDV3             AVERAGE_SDV4             AVERAGE_SDV5             AVERAGE_SDV9            AVERAGE_SDV10            AVERAGE_SDV11     

                   0.                       0.                       0.                       0.                       0.                       0.                       0.            
                 120.                       3.66029716               3.01696348             643.753967E-03           467.016876E-03           384.981598E-03            82.1105347E-03 
                 600.                       4.09579992               3.39043736             706.192444E-03           522.544617E-03           432.519836E-03            90.0816574E-03 
                   1.79999995E+03           5.04512691               4.20307875             841.997131E-03           643.479126E-03           536.174011E-03           107.396042E-03  
                   7.19999981E+03           7.81582117               6.57910633               1.23796403             997.021423E-03           839.158936E-03           157.950409E-03  




