
                     X                   AVERAGE_SDV3             AVERAGE_SDV4             AVERAGE_SDV5             AVERAGE_SDV9            AVERAGE_SDV10            AVERAGE_SDV11     

                   0.                       0.                       0.                       0.                       0.                       0.                       0.            
                 120.                       4.85013723               4.03583193             813.860718E-03           618.694214E-03           514.937073E-03           103.844307E-03  
                 600.                       8.06629562               6.79448557               1.27392995               1.02923322             866.614197E-03           162.539963E-03  
                   1.79999995E+03          10.5825491                8.950634                 1.63347554               1.35048699               1.14189339             208.369537E-03  
                   7.19999981E+03          11.1586542                9.44705677               1.71571851               1.42449033               1.20491326             218.873489E-03  




