
                     X                   AVERAGE_SDV3             AVERAGE_SDV4             AVERAGE_SDV5             AVERAGE_SDV9            AVERAGE_SDV10            AVERAGE_SDV11     

                   0.                       0.                       0.                       0.                       0.                       0.                       0.            
                 120.                       4.71453524               3.92049742             794.689087E-03           601.520935E-03           500.024078E-03           101.376411E-03  
                 600.                       7.84428549               6.60174704               1.24197555               1.00079763             842.185181E-03           158.50528E-03   
                   1.79999995E+03           8.82701874               7.44333124               1.38238657               1.12595427             949.633545E-03           176.385345E-03  
                   7.19999981E+03           8.86215782               7.47194433               1.38703799               1.1304723              953.224304E-03           177.082001E-03  




