
                     X                   AVERAGE_SDV3             AVERAGE_SDV4             AVERAGE_SDV5             AVERAGE_SDV9            AVERAGE_SDV10            AVERAGE_SDV11     

                   0.                       0.                       0.                       0.                       0.                       0.                       0.            
                 120.                       5.52525043               4.61563873             910.822693E-03           704.897705E-03           588.908875E-03           116.162598E-03  
                 600.                       9.27135277               7.82557869               1.44602013               1.1828841              998.387329E-03           184.495697E-03  
                   1.79999995E+03          10.5978518                8.96123886               1.63554537               1.35195923               1.14328074             208.691238E-03  
                   7.19999981E+03          10.6567755                9.01304913               1.64447379               1.35944438               1.14996278             209.828888E-03  




