
                     X                   AVERAGE_SDV3             AVERAGE_SDV4             AVERAGE_SDV5             AVERAGE_SDV9            AVERAGE_SDV10            AVERAGE_SDV11     

                   0.                       0.                       0.                       0.                       0.                       0.                       0.            
                 120.                       3.86966896               3.19722724             673.642334E-03           493.691437E-03           407.816559E-03            85.9182205E-03 
                 600.                       4.27390146               3.54188538             731.500671E-03           545.172913E-03           451.862549E-03            93.3158112E-03 
                   1.79999995E+03           5.16838408               4.3090744              859.439819E-03           659.405334E-03           549.659241E-03           109.62075E-03   
                   7.19999981E+03           7.9065876                6.65585995               1.25120246               1.00866592             849.069946E-03           159.589813E-03  




