
                     X                   AVERAGE_SDV3             AVERAGE_SDV4             AVERAGE_SDV5             AVERAGE_SDV9            AVERAGE_SDV10            AVERAGE_SDV11     

                   0.                       0.                       0.                       0.                       0.                       0.                       0.            
                 120.                       4.04613876               3.34647274             698.902344E-03           516.173523E-03           426.992371E-03            89.1776657E-03 
                 600.                       6.3451457                5.31695509               1.02774394             809.4245E-03             678.210876E-03           131.130234E-03  
                   1.79999995E+03           8.91276073               7.51835251               1.39475572               1.13702202             959.005798E-03           177.930664E-03  
                   7.19999981E+03          10.2089319                8.63123703               1.58021843               1.30266321               1.10098493             201.572235E-03  




