
                     X                   AVERAGE_SDV3             AVERAGE_SDV4             AVERAGE_SDV5             AVERAGE_SDV9            AVERAGE_SDV10            AVERAGE_SDV11     

                   0.                       0.                       0.                       0.                       0.                       0.                       0.            
                 120.                       4.04684448               3.34777617             698.998291E-03           516.320679E-03           427.149231E-03            89.1974716E-03 
                 600.                       6.36177588               5.33097172               1.03010976             811.417969E-03           680.008606E-03           131.401169E-03  
                   1.79999995E+03           8.92051411               7.52496529               1.39578092               1.13794672             959.942322E-03           178.071335E-03  
                   7.19999981E+03          10.1864004                8.60927582               1.57656991               1.29929769               1.09830964             201.143753E-03  




