
                     X                   AVERAGE_SDV3             AVERAGE_SDV4             AVERAGE_SDV5             AVERAGE_SDV9            AVERAGE_SDV10            AVERAGE_SDV11     

                   0.                       0.                       0.                       0.                       0.                       0.                       0.            
                 120.                       4.05815554               3.35742712             700.772339E-03           517.701355E-03           428.338348E-03            89.4185104E-03 
                 600.                       6.4021287                5.36551142               1.03592157             816.786926E-03           684.561646E-03           132.173233E-03  
                   1.79999995E+03           8.95496845               7.55452013               1.40071535               1.14238691             963.66333E-03            178.724747E-03  
                   7.19999981E+03          10.1717291                8.59709263               1.57460046               1.29755723               1.09678042             200.898544E-03  




