
                     X                   AVERAGE_SDV3             AVERAGE_SDV4             AVERAGE_SDV5             AVERAGE_SDV9            AVERAGE_SDV10            AVERAGE_SDV11     

                   0.                       0.                       0.                       0.                       0.                       0.                       0.            
                 120.                       5.40631104               4.51342297             893.795715E-03           689.775085E-03           575.814575E-03           114.023323E-03  
                 600.                       8.67547226               7.31463814               1.36101353               1.10701513             933.298828E-03           173.637054E-03  
                   1.79999995E+03           9.29325676               7.84384346               1.44944811               1.18570042               1.00080848             184.883514E-03  
                   7.19999981E+03           9.30211449               7.84753942               1.45020294               1.18712533               1.00176811             185.05658E-03   




