
                     X                   AVERAGE_SDV3             AVERAGE_SDV4             AVERAGE_SDV5             AVERAGE_SDV9            AVERAGE_SDV10            AVERAGE_SDV11     

                   0.                       0.                       0.                       0.                       0.                       0.                       0.            
                 120.                       4.19568253               3.47387385             720.151611E-03           535.113464E-03           443.203674E-03            91.8771667E-03 
                 600.                       6.92362452               5.81283045               1.11028099             883.176758E-03           741.394531E-03           141.634705E-03  
                   1.79999995E+03           9.18786144               7.75365019               1.43413591               1.17194259             988.958801E-03           182.938293E-03  
                   7.19999981E+03           9.77945995               8.2601223                1.51856947               1.24725568               1.05334473             193.730392E-03  




