
                     X                   AVERAGE_SDV3             AVERAGE_SDV4             AVERAGE_SDV5             AVERAGE_SDV9            AVERAGE_SDV10            AVERAGE_SDV11     

                   0.                       0.                       0.                       0.                       0.                       0.                       0.            
                 120.                       6.46756697               5.42260265               1.04530346             825.235596E-03           691.781738E-03           133.376938E-03  
                 600.                      10.2595978                8.67341518               1.58710837               1.30881071               1.1063869              202.501022E-03  
                   1.79999995E+03          10.8760824                9.20110226               1.67566085               1.38746393               1.17377114             213.779419E-03  
                   7.19999981E+03          10.8777428                9.20654869               1.67585075               1.38799798               1.1745137              213.865555E-03  




