
                     X                   AVERAGE_SDV3             AVERAGE_SDV4             AVERAGE_SDV5             AVERAGE_SDV9            AVERAGE_SDV10            AVERAGE_SDV11     

                   0.                       0.                       0.                       0.                       0.                       0.                       0.            
                 120.                       5.73095083               4.79015636             939.672058E-03           730.943481E-03           611.085388E-03           119.890213E-03  
                 600.                       9.38858223               7.92587662               1.46281457               1.19759655               1.01099658             186.634064E-03  
                   1.79999995E+03          10.2741756                8.68599987               1.58954775               1.31081951               1.10797596             202.793671E-03  
                   7.19999981E+03          10.2922583                8.7010479                1.59263742               1.31283319               1.10976923             203.124878E-03  




