
                     X                   AVERAGE_SDV3             AVERAGE_SDV4             AVERAGE_SDV5             AVERAGE_SDV9            AVERAGE_SDV10            AVERAGE_SDV11     

                   0.                       0.                       0.                       0.                       0.                       0.                       0.            
                 120.                       4.02366924               3.32748318             695.862122E-03           513.337708E-03           424.531555E-03            88.7640915E-03 
                 600.                       6.26480389               5.24796629               1.01632428             799.018616E-03           669.573792E-03           129.671188E-03  
                   1.79999995E+03           8.84039879               7.45489836               1.38451838               1.1277498              951.205994E-03           176.613724E-03  
                   7.19999981E+03          10.2340107                8.64807415               1.58353984               1.30555248               1.10357475             202.000244E-03  




