
                     X                   AVERAGE_SDV3             AVERAGE_SDV4             AVERAGE_SDV5             AVERAGE_SDV9            AVERAGE_SDV10            AVERAGE_SDV11     

                   0.                       0.                       0.                       0.                       0.                       0.                       0.            
                 120.                       4.01894569               3.32406211             695.224243E-03           512.76886E-03            423.990967E-03            88.6831589E-03 
                 600.                       6.25772381               5.24398088               1.01554048             798.408752E-03           668.842529E-03           129.546173E-03  
                   1.79999995E+03           8.83171177               7.44819307               1.3833636                1.12650275             950.061646E-03           176.488144E-03  
                   7.19999981E+03          10.2223673                8.63955879               1.58184218               1.30375814               1.10216343             201.80632E-03   




