
                     X                   AVERAGE_SDV3             AVERAGE_SDV4             AVERAGE_SDV5             AVERAGE_SDV9            AVERAGE_SDV10            AVERAGE_SDV11     

                   0.                       0.                       0.                       0.                       0.                       0.                       0.            
                 120.                       5.23211432               4.36380291             868.80426E-03            667.53479E-03            556.734314E-03           110.836456E-03  
                 600.                       8.44213963               7.11397934               1.32766318               1.07703221             907.791382E-03           169.369461E-03  
                   1.79999995E+03           9.09073925               7.67125463               1.4203732                1.15976715             978.827698E-03           181.215591E-03  
                   7.19999981E+03           9.09702682               7.6758275                1.42187083               1.16055667             980.021912E-03           181.312531E-03  




