
                     X                   AVERAGE_SDV3             AVERAGE_SDV4             AVERAGE_SDV5             AVERAGE_SDV9            AVERAGE_SDV10            AVERAGE_SDV11     

                   0.                       0.                       0.                       0.                       0.                       0.                       0.            
                 120.                       4.12534952               3.41492057             710.361877E-03           526.244385E-03           435.647278E-03            90.6063843E-03 
                 600.                       6.88266754               5.77729464               1.10483301             878.083801E-03           737.123108E-03           140.945908E-03  
                   1.79999995E+03           8.91006947               7.51391506               1.39448011               1.1366154              958.829163E-03           177.894562E-03  
                   7.19999981E+03           9.31553173               7.86342764               1.45308077               1.18876457               1.00379622             185.398392E-03  




