
                     X                   AVERAGE_SDV3             AVERAGE_SDV4             AVERAGE_SDV5             AVERAGE_SDV9            AVERAGE_SDV10            AVERAGE_SDV11     

                   0.                       0.                       0.                       0.                       0.                       0.                       0.            
                 120.                       4.04936934               3.35009289             699.47644E-03            516.539246E-03           427.419586E-03            89.2415009E-03 
                 600.                       6.39200354               5.35656214               1.03455865             815.467041E-03           683.361572E-03           131.957382E-03  
                   1.79999995E+03           8.93769646               7.53785419               1.39814138               1.14011431             961.573547E-03           178.403702E-03  
                   7.19999981E+03          10.1414604                8.57123947               1.57032585               1.29401433               1.0933913              200.355209E-03  




