
                     X                   AVERAGE_SDV3             AVERAGE_SDV4             AVERAGE_SDV5             AVERAGE_SDV9            AVERAGE_SDV10            AVERAGE_SDV11     

                   0.                       0.                       0.                       0.                       0.                       0.                       0.            
                 120.                       4.21433401               3.49124241             722.972778E-03           537.765625E-03           445.405731E-03            92.2491074E-03 
                 600.                       6.71392822               5.63189602               1.08047652             856.371338E-03           718.488525E-03           137.832001E-03  
                   1.79999995E+03           9.32102585               7.8683486                1.45291853               1.18904924               1.0037086              185.371414E-03  
                   7.19999981E+03          10.4474659                8.83247471               1.61382973               1.33268511               1.12678289             205.898911E-03  




