
                     X                   AVERAGE_SDV3             AVERAGE_SDV4             AVERAGE_SDV5             AVERAGE_SDV9            AVERAGE_SDV10            AVERAGE_SDV11     

                   0.                       0.                       0.                       0.                       0.                       0.                       0.            
                 120.                       5.47278738               4.56975079             903.43335E-03            698.237366E-03           583.044434E-03           115.237465E-03  
                 600.                       8.28237438               6.97784615               1.30501723               1.05663931             890.299438E-03           166.440643E-03  
                   1.79999995E+03           8.56311035               7.21890259               1.34494221               1.09245563             921.347046E-03           171.553253E-03  
                   7.19999981E+03           8.56332779               7.21900463               1.34505391               1.09246874             921.463562E-03           171.556396E-03  




