
                     X                   AVERAGE_SDV3             AVERAGE_SDV4             AVERAGE_SDV5             AVERAGE_SDV9            AVERAGE_SDV10            AVERAGE_SDV11     

                   0.                       0.                       0.                       0.                       0.                       0.                       0.            
                 120.                       7.41854572               6.23658705               1.18100345             946.422546E-03           795.764343E-03           150.717102E-03  
                 600.                      11.4769468                9.7166214                1.76100445               1.46416044               1.23955643             224.692688E-03  
                   1.79999995E+03          11.9754229               10.1464567                1.83220327               1.52779973               1.29414093             233.85878E-03   
                   7.19999981E+03          11.9768448               10.1472807                1.83228552               1.52826238               1.29432487             233.880386E-03  




