
                     X                   AVERAGE_SDV3             AVERAGE_SDV4             AVERAGE_SDV5             AVERAGE_SDV9            AVERAGE_SDV10            AVERAGE_SDV11     

                   0.                       0.                       0.                       0.                       0.                       0.                       0.            
                 120.                       4.04436827               3.34564757             698.542542E-03           516.009033E-03           426.822754E-03            89.1444092E-03 
                 600.                       6.35894775               5.32846546               1.02967227             811.056885E-03           679.672119E-03           131.362381E-03  
                   1.79999995E+03           8.91540241               7.5201087                1.39518917               1.13736951             959.277588E-03           177.992752E-03  
                   7.19999981E+03          10.1742096                8.59937                  1.57530403               1.29809046               1.09705424             200.944626E-03  




