
                     X                   AVERAGE_SDV3             AVERAGE_SDV4             AVERAGE_SDV5             AVERAGE_SDV9            AVERAGE_SDV10            AVERAGE_SDV11     

                   0.                       0.                       0.                       0.                       0.                       0.                       0.            
                 120.                       5.13181925               4.27714586             854.355286E-03           654.651611E-03           545.690857E-03           108.984467E-03  
                 600.                       8.68773365               7.32367468               1.36250973               1.10846698             934.534973E-03           173.820511E-03  
                   1.79999995E+03          10.6215811                8.98097515               1.6389029                1.3551743                1.14596474             209.079926E-03  
                   7.19999981E+03          10.8348026                9.15946674               1.6688199                1.38248003               1.16916978             212.897461E-03  




