
                     X                   AVERAGE_SDV3             AVERAGE_SDV4             AVERAGE_SDV5             AVERAGE_SDV9            AVERAGE_SDV10            AVERAGE_SDV11     

                   0.                       0.                       0.                       0.                       0.                       0.                       0.            
                 120.                       4.77471399               3.97121596             803.019958E-03           609.075806E-03           506.653198E-03           102.438667E-03  
                 600.                       7.72142887               6.49677467               1.22431815             984.844788E-03           828.776794E-03           156.180069E-03  
                   1.79999995E+03          10.5813332                8.94944954               1.63345277               1.35002196               1.14177203             208.340408E-03  
                   7.19999981E+03          11.6311255                9.84836578               1.78331101               1.48427832               1.25687933             227.533127E-03  




