
                     X                   AVERAGE_SDV3             AVERAGE_SDV4             AVERAGE_SDV5             AVERAGE_SDV9            AVERAGE_SDV10            AVERAGE_SDV11     

                   0.                       0.                       0.                       0.                       0.                       0.                       0.            
                 120.                       3.01672792               2.46536303             551.904724E-03           384.870361E-03           314.455627E-03            70.4178085E-03 
                 600.                       5.01485062               4.17777205             837.644165E-03           639.846313E-03           532.935364E-03           106.888206E-03  
                   1.79999995E+03           6.4527092                5.40932035               1.04312599             823.317749E-03           690.097778E-03           133.106293E-03  
                   7.19999981E+03           6.73103666               5.64565134               1.08246052             858.863647E-03           720.581299E-03           138.180496E-03  




