
                     X                   AVERAGE_SDV3             AVERAGE_SDV4             AVERAGE_SDV5             AVERAGE_SDV9            AVERAGE_SDV10            AVERAGE_SDV11     

                   0.                       0.                       0.                       0.                       0.                       0.                       0.            
                 120.                       5.26055145               4.38739729             872.645264E-03           671.091064E-03           559.829956E-03           111.368866E-03  
                 600.                       7.99405289               6.73157024               1.26359987               1.01991272             858.855347E-03           161.227646E-03  
                   1.79999995E+03           8.28182697               6.98065329               1.30473816               1.05668163             890.523865E-03           166.499344E-03  
                   7.19999981E+03           8.28209782               6.9809618                1.30477154               1.05685556             890.592224E-03           166.503372E-03  




