
                     X                   AVERAGE_SDV3             AVERAGE_SDV4             AVERAGE_SDV5             AVERAGE_SDV9            AVERAGE_SDV10            AVERAGE_SDV11     

                   0.                       0.                       0.                       0.                       0.                       0.                       0.            
                 120.                       3.41831756               2.80960488             609.251709E-03           436.122742E-03           358.43924E-03             77.7344208E-03 
                 600.                       4.53179407               3.76384711             768.672913E-03           578.299805E-03           480.263214E-03            98.0542145E-03 
                   1.79999995E+03           6.42996264               5.38981581               1.04000497             820.398682E-03           687.615723E-03           132.659561E-03  
                   7.19999981E+03           9.27015114               7.82350063               1.44576609               1.18255353             997.957214E-03           184.431427E-03  




