
                     X                   AVERAGE_SDV3             AVERAGE_SDV4             AVERAGE_SDV5             AVERAGE_SDV9            AVERAGE_SDV10            AVERAGE_SDV11     

                   0.                       0.                       0.                       0.                       0.                       0.                       0.            
                 120.                       4.92351818               4.0987196              824.503479E-03           628.137573E-03           522.86438E-03            105.18808E-03   
                 600.                       8.31801128               7.00856686               1.30976212               1.06123924             893.913086E-03           167.083191E-03  
                   1.79999995E+03           9.83460522               8.30917263               1.52682352               1.25475097               1.05994892             194.767395E-03  
                   7.19999981E+03           9.94664288               8.40557194               1.54289424               1.26923823               1.07203197             196.777802E-03  




