
                     X                   AVERAGE_SDV3             AVERAGE_SDV4             AVERAGE_SDV5             AVERAGE_SDV9            AVERAGE_SDV10            AVERAGE_SDV11     

                   0.                       0.                       0.                       0.                       0.                       0.                       0.            
                 120.                       5.10688877               4.25704718             850.896362E-03           651.653137E-03           542.964233E-03           108.562958E-03  
                 600.                       7.32240105               6.15523434               1.16766953             934.197327E-03           785.071594E-03           148.972839E-03  
                   1.79999995E+03           7.45011663               6.26471996               1.18594635             950.694763E-03           798.863953E-03           151.321564E-03  
                   7.19999981E+03           7.45011711               6.26472616               1.18594635             950.704102E-03           798.864136E-03           151.321808E-03  




