
                     X                   AVERAGE_SDV3             AVERAGE_SDV4             AVERAGE_SDV5             AVERAGE_SDV9            AVERAGE_SDV10            AVERAGE_SDV11     

                   0.                       0.                       0.                       0.                       0.                       0.                       0.            
                 120.                       5.99261093               5.014925               977.471802E-03           764.447998E-03           639.925354E-03           124.682945E-03  
                 600.                       9.82469845               8.29858971               1.52482915               1.25312674               1.05869353             194.540726E-03  
                   1.79999995E+03          10.7502356                9.09431076               1.6574862                1.37161696               1.16015768             211.424469E-03  
                   7.19999981E+03          10.7722483                9.11190319               1.6601553                1.37397718               1.16245866             211.81076E-03   




