
                     X                   AVERAGE_SDV3             AVERAGE_SDV4             AVERAGE_SDV5             AVERAGE_SDV9            AVERAGE_SDV10            AVERAGE_SDV11     

                   0.                       0.                       0.                       0.                       0.                       0.                       0.            
                 120.                       3.68413544               3.03756142             647.306763E-03           469.97171E-03            387.454742E-03            82.5888138E-03 
                 600.                       5.76975965               4.82420063             945.584167E-03           736.089355E-03           615.332153E-03           120.625519E-03  
                   1.79999995E+03           8.1003952                6.82177877               1.27873349               1.03338611             870.233398E-03           163.13916E-03   
                   7.19999981E+03           9.28079605               7.83366537               1.44747794               1.18398821             999.335999E-03           184.671402E-03  




