
                     X                   AVERAGE_SDV3             AVERAGE_SDV4             AVERAGE_SDV5             AVERAGE_SDV9            AVERAGE_SDV10            AVERAGE_SDV11     

                   0.                       0.                       0.                       0.                       0.                       0.                       0.            
                 120.                       4.01066399               3.31621099             694.010864E-03           511.71814E-03            423.221527E-03            88.541626E-03  
                 600.                       6.71718502               5.63647652               1.0811094              856.898926E-03           719.036804E-03           137.912979E-03  
                   1.79999995E+03           8.58761978               7.24046659               1.34837556               1.0955162              923.693481E-03           172.01532E-03   
                   7.19999981E+03           8.91947556               7.52748299               1.39570701               1.1380378              960.072754E-03           178.099686E-03  




