
                     X                   AVERAGE_SDV3             AVERAGE_SDV4             AVERAGE_SDV5             AVERAGE_SDV9            AVERAGE_SDV10            AVERAGE_SDV11     

                   0.                       0.                       0.                       0.                       0.                       0.                       0.            
                 120.                       5.79364681               4.84376764             949.082703E-03           739.089294E-03           618.006042E-03           121.077705E-03  
                 600.                       9.57212353               8.08365822               1.4894582                1.22121286               1.03132701             189.971542E-03  
                   1.79999995E+03          10.5997515                8.9642334                1.63604128               1.35225105               1.14370906             208.71257E-03   
                   7.19999981E+03          10.625658                 8.98753929               1.64035809               1.35554969               1.14683092             209.121933E-03  




