
                     X                   AVERAGE_SDV3             AVERAGE_SDV4             AVERAGE_SDV5             AVERAGE_SDV9            AVERAGE_SDV10            AVERAGE_SDV11     

                   0.                       0.                       0.                       0.                       0.                       0.                       0.            
                 120.                       5.1251092                4.27251863             853.541138E-03           654.011902E-03           545.149231E-03           108.874176E-03  
                 600.                       8.66384888               7.30539799               1.35941696               1.1052959              931.981995E-03           173.409622E-03  
                   1.79999995E+03          10.7768345                9.1148653                1.66079557               1.37490785               1.1627351              211.894806E-03  
                   7.19999981E+03          11.0543795                9.35352039               1.700248                 1.41016042               1.19296384             216.905624E-03  




