
                     X                   AVERAGE_SDV3             AVERAGE_SDV4             AVERAGE_SDV5             AVERAGE_SDV9            AVERAGE_SDV10            AVERAGE_SDV11     

                   0.                       0.                       0.                       0.                       0.                       0.                       0.            
                 120.                       4.04579496               3.34797239             699.096802E-03           516.188354E-03           427.055786E-03            89.1635818E-03 
                 600.                       6.34805059               5.32078743               1.02833486             809.722656E-03           678.606934E-03           131.160095E-03  
                   1.79999995E+03           8.91457462               7.52048206               1.39529729               1.13720036             959.213135E-03           177.957458E-03  
                   7.19999981E+03          10.2060499                8.62758446               1.57982087               1.30214822               1.10040319             201.499557E-03  




