
                     X                   AVERAGE_SDV3             AVERAGE_SDV4             AVERAGE_SDV5             AVERAGE_SDV9            AVERAGE_SDV10            AVERAGE_SDV11     

                   0.                       0.                       0.                       0.                       0.                       0.                       0.            
                 120.                       5.74005747               4.798594               941.493713E-03           732.451782E-03           612.274963E-03           120.111E-03     
                 600.                       8.28826809               6.9823842                1.30595338               1.05757868             890.861328E-03           166.567612E-03  
                   1.79999995E+03           8.44098186               7.11352968               1.32810771               1.07771385             908.102844E-03           169.431519E-03  
                   7.19999981E+03           8.44099045               7.11355257               1.32810819               1.07771385             908.104919E-03           169.431549E-03  




