
                     X                   AVERAGE_SDV3             AVERAGE_SDV4             AVERAGE_SDV5             AVERAGE_SDV9            AVERAGE_SDV10            AVERAGE_SDV11     

                   0.                       0.                       0.                       0.                       0.                       0.                       0.            
                 120.                       6.33784008               5.31013346               1.02680624             808.565979E-03           677.422241E-03           130.968567E-03  
                 600.                      10.0804138                8.51739311               1.56148946               1.28586555               1.08672702             199.219162E-03  
                   1.79999995E+03          10.7069311                9.05790138               1.65156257               1.36626804               1.15547407             210.652588E-03  
                   7.19999981E+03          10.716527                 9.0624485                1.65232623               1.36710715               1.1562252              210.825638E-03  




