
                     X                   AVERAGE_SDV3             AVERAGE_SDV4             AVERAGE_SDV5             AVERAGE_SDV9            AVERAGE_SDV10            AVERAGE_SDV11     

                   0.                       0.                       0.                       0.                       0.                       0.                       0.            
                 120.                       5.75672007               4.8130784              943.851868E-03           734.414368E-03           613.925659E-03           120.398994E-03  
                 600.                       8.85109806               7.46605968               1.38625181               1.12926292             952.263123E-03           176.85495E-03   
                   1.79999995E+03           9.21833992               7.78050089               1.43801045               1.17580676             992.233704E-03           183.541916E-03  
                   7.19999981E+03           9.21873951               7.78105783               1.43847346               1.17585588             992.281555E-03           183.56337E-03   




