
                     X                   AVERAGE_SDV3             AVERAGE_SDV4             AVERAGE_SDV5             AVERAGE_SDV9            AVERAGE_SDV10            AVERAGE_SDV11     

                   0.                       0.                       0.                       0.                       0.                       0.                       0.            
                 120.                       5.56256008               4.6471324              916.28772E-03            709.671021E-03           592.961914E-03           116.870087E-03  
                 600.                       8.29813957               6.99044657               1.30699074               1.05851686             891.903076E-03           166.747543E-03  
                   1.79999995E+03           8.53207111               7.19134665               1.34058809               1.0885514              917.908691E-03           171.032669E-03  
                   7.19999981E+03           8.53212166               7.19145012               1.34089088               1.0885576              917.942932E-03           171.034821E-03  




