
                     X                   AVERAGE_SDV3             AVERAGE_SDV4             AVERAGE_SDV5             AVERAGE_SDV9            AVERAGE_SDV10            AVERAGE_SDV11     

                   0.                       0.                       0.                       0.                       0.                       0.                       0.            
                 120.                       5.44131756               4.54141235             898.441406E-03           694.07074E-03            579.547058E-03           114.641457E-03  
                 600.                       9.1003418                7.67732334               1.42149341               1.16095722             979.634644E-03           181.37915E-03   
                   1.79999995E+03          10.3228693                8.72525787               1.59596717               1.3169657                1.1133014              203.664459E-03  
                   7.19999981E+03          10.3743229                8.76842785               1.60270798               1.32315946               1.11875045             204.58136E-03   




