
                     X                   AVERAGE_SDV3             AVERAGE_SDV4             AVERAGE_SDV5             AVERAGE_SDV9            AVERAGE_SDV10            AVERAGE_SDV11     

                   0.                       0.                       0.                       0.                       0.                       0.                       0.            
                 120.                       5.47736645               4.57377577             903.871765E-03           698.928711E-03           583.450012E-03           115.306091E-03  
                 600.                       8.57474422               7.22789812               1.34644341               1.09391201             922.065063E-03           171.761902E-03  
                   1.79999995E+03           9.01800632               7.60907412               1.41008437               1.15037251             970.70697E-03            179.828018E-03  
                   7.19999981E+03           9.02069759               7.60960817               1.41017663               1.15102673             970.824951E-03           179.849457E-03  




