
                     X                   AVERAGE_SDV3             AVERAGE_SDV4             AVERAGE_SDV5             AVERAGE_SDV9            AVERAGE_SDV10            AVERAGE_SDV11     

                   0.                       0.                       0.                       0.                       0.                       0.                       0.            
                 120.                       4.01253176               3.31874704             694.462219E-03           512.024841E-03           423.273102E-03            88.5932007E-03 
                 600.                       6.504776                 5.45378876               1.05080533             829.77948E-03            695.760315E-03           134.046158E-03  
                   1.79999995E+03           8.85823727               7.47235346               1.38732564               1.13026416             953.144531E-03           176.994675E-03  
                   7.19999981E+03           9.67013168               8.16916275               1.50358367               1.23412323               1.04203928             191.819611E-03  




