
                     X                   AVERAGE_SDV3             AVERAGE_SDV4             AVERAGE_SDV5             AVERAGE_SDV9            AVERAGE_SDV10            AVERAGE_SDV11     

                   0.                       0.                       0.                       0.                       0.                       0.                       0.            
                 120.                       6.32886267               5.30435038               1.0254271              807.410828E-03           676.529968E-03           130.826431E-03  
                 600.                      10.4907017                8.87114811               1.62052798               1.33859861               1.13181031             206.704391E-03  
                   1.79999995E+03          11.6629829                9.87630653               1.78804219               1.48788619               1.25990474             228.050552E-03  
                   7.19999981E+03          11.6953135                9.90607166               1.79290688               1.49219143               1.26319039             228.618698E-03  




