
                     X                   AVERAGE_SDV3             AVERAGE_SDV4             AVERAGE_SDV5             AVERAGE_SDV9            AVERAGE_SDV10            AVERAGE_SDV11     

                   0.                       0.                       0.                       0.                       0.                       0.                       0.            
                 120.                       4.07351017               3.37064528             703.098816E-03           519.72113E-03            429.939575E-03            89.6973724E-03 
                 600.                       6.86825991               5.76550245               1.10249257             876.228638E-03           735.439209E-03           140.653641E-03  
                   1.79999995E+03           8.13718414               6.85423946               1.2837882                1.03822017             874.359985E-03           163.810318E-03  
                   7.19999981E+03           8.23320675               6.9372468                1.2972343                1.05069101             884.772217E-03           165.536285E-03  




