
                     X                   AVERAGE_SDV3             AVERAGE_SDV4             AVERAGE_SDV5             AVERAGE_SDV9            AVERAGE_SDV10            AVERAGE_SDV11     

                   0.                       0.                       0.                       0.                       0.                       0.                       0.            
                 120.                       5.88344097               4.92096472             961.9021E-03             750.425171E-03           627.779602E-03           122.721199E-03  
                 600.                       8.44445705               7.1148448                1.32782793               1.07723355             907.7901E-03             169.384781E-03  
                   1.79999995E+03           8.59245872               7.23835468               1.3486985                1.09597456             923.826965E-03           172.033951E-03  
                   7.19999981E+03           8.59288311               7.23843241               1.34869862               1.0959748              923.827576E-03           172.033951E-03  




