
                     X                   AVERAGE_SDV3             AVERAGE_SDV4             AVERAGE_SDV5             AVERAGE_SDV9            AVERAGE_SDV10            AVERAGE_SDV11     

                   0.                       0.                       0.                       0.                       0.                       0.                       0.            
                 120.                       4.76239157               3.96012855             801.52533E-03            607.532593E-03           505.164276E-03           102.241348E-03  
                 600.                       7.17051172               6.02353477               1.14574838             914.794128E-03           768.533875E-03           146.153931E-03  
                   1.79999995E+03           7.4041152                6.22199821               1.17935598             944.217041E-03           793.792358E-03           150.392792E-03  
                   7.19999981E+03           7.40525436               6.22242069               1.17938459             944.820496E-03           794.334961E-03           150.393646E-03  




