
                     X                   AVERAGE_SDV3             AVERAGE_SDV4             AVERAGE_SDV5             AVERAGE_SDV9            AVERAGE_SDV10            AVERAGE_SDV11     

                   0.                       0.                       0.                       0.                       0.                       0.                       0.            
                 120.                       5.55174398               4.63655663             914.207642E-03           708.097107E-03           591.502197E-03           116.650742E-03  
                 600.                       8.38876152               7.06885242               1.31995034               1.06999624             901.592041E-03           168.369614E-03  
                   1.79999995E+03           8.66892242               7.31063366               1.35961986               1.10564089             932.08197E-03            173.47258E-03   
                   7.19999981E+03           8.66933155               7.31152964               1.35965264               1.10578537             932.116821E-03           173.475677E-03  




