
                     X                   AVERAGE_SDV3             AVERAGE_SDV4             AVERAGE_SDV5             AVERAGE_SDV9            AVERAGE_SDV10            AVERAGE_SDV11     

                   0.                       0.                       0.                       0.                       0.                       0.                       0.            
                 120.                       4.1503849                3.43596888             713.990417E-03           529.587036E-03           438.291962E-03            91.0886536E-03 
                 600.                       6.86637545               5.76475239               1.10242724             876.003418E-03           735.203491E-03           140.657257E-03  
                   1.79999995E+03           9.06666851               7.65132713               1.41696751               1.15673602             975.844238E-03           180.76741E-03   
                   7.19999981E+03           9.61318398               8.11711693               1.49507999               1.22648501               1.03525925             190.751266E-03  




