
                     X                   AVERAGE_SDV3             AVERAGE_SDV4             AVERAGE_SDV5             AVERAGE_SDV9            AVERAGE_SDV10            AVERAGE_SDV11     

                   0.                       0.                       0.                       0.                       0.                       0.                       0.            
                 120.                       4.03773975               3.34015346             697.703186E-03           515.184875E-03           426.065247E-03            89.0193863E-03 
                 600.                       6.34998369               5.32199097               1.02853382             810.133606E-03           678.852539E-03           131.205338E-03  
                   1.79999995E+03           8.90158558               7.50869751               1.39331472               1.13548779             957.741211E-03           177.733322E-03  
                   7.19999981E+03          10.154789                 8.58194256               1.57219982               1.29527283               1.09482193             200.532944E-03  




