
                     X                   AVERAGE_SDV3             AVERAGE_SDV4             AVERAGE_SDV5             AVERAGE_SDV9            AVERAGE_SDV10            AVERAGE_SDV11     

                   0.                       0.                       0.                       0.                       0.                       0.                       0.            
                 120.                       2.87291479               2.34209418             531.321289E-03           366.539642E-03           298.792908E-03            67.7878952E-03 
                 600.                       4.51715708               3.75114584             766.590698E-03           576.385864E-03           478.554779E-03            97.792038E-03  
                   1.79999995E+03           6.29223776               5.27078056               1.02022254             802.635864E-03           672.543457E-03           130.16362E-03   
                   7.19999981E+03           7.11869526               5.97960854               1.13845193             908.161316E-03           762.918396E-03           145.237167E-03  




