
                     X                   AVERAGE_SDV3             AVERAGE_SDV4             AVERAGE_SDV5             AVERAGE_SDV9            AVERAGE_SDV10            AVERAGE_SDV11     

                   0.                       0.                       0.                       0.                       0.                       0.                       0.            
                 120.                       4.16125965               3.44676304             715.367065E-03           530.959961E-03           439.681488E-03            91.2795181E-03 
                 600.                       6.54688406               5.49004221               1.05657482             835.233887E-03           700.295044E-03           134.787857E-03  
                   1.79999995E+03           9.17976856               7.74654627               1.43306959               1.17121661             988.369324E-03           182.805923E-03  
                   7.19999981E+03          10.4768238                8.8560009                1.61825871               1.33627892               1.12997162             206.389893E-03  




