
                     X                   AVERAGE_SDV3             AVERAGE_SDV4             AVERAGE_SDV5             AVERAGE_SDV9            AVERAGE_SDV10            AVERAGE_SDV11     

                   0.                       0.                       0.                       0.                       0.                       0.                       0.            
                 120.                       4.21782684               3.49420571             723.500549E-03           538.137024E-03           445.818817E-03            92.3171539E-03 
                 600.                       6.71938515               5.63674164               1.08129299             857.031616E-03           719.160339E-03           137.920471E-03  
                   1.79999995E+03           9.32956028               7.87334824               1.45454359               1.190099                 1.00474787             185.521622E-03  
                   7.19999981E+03          10.4566021                8.84233189               1.61547995               1.3339113                1.12807                206.095001E-03  




