
                     X                   AVERAGE_SDV3             AVERAGE_SDV4             AVERAGE_SDV5             AVERAGE_SDV9            AVERAGE_SDV10            AVERAGE_SDV11     

                   0.                       0.                       0.                       0.                       0.                       0.                       0.            
                 120.                       2.57091308               2.08271456             487.783356E-03           327.958679E-03           265.714691E-03            62.2230835E-03 
                 600.                       2.86592007               2.3352387              530.178345E-03           365.575592E-03           297.872467E-03            67.6348495E-03 
                   1.79999995E+03           3.50826573               2.88711953             622.336365E-03           447.679535E-03           368.210358E-03            79.3846207E-03 
                   7.19999981E+03           5.40229607               4.50892925             893.028259E-03           689.232727E-03           575.237732E-03           113.915276E-03  




