
                     X                   AVERAGE_SDV3             AVERAGE_SDV4             AVERAGE_SDV5             AVERAGE_SDV9            AVERAGE_SDV10            AVERAGE_SDV11     

                   0.                       0.                       0.                       0.                       0.                       0.                       0.            
                 120.                       3.46252656               2.84572649             615.474854E-03           441.788452E-03           363.161072E-03            78.5046692E-03 
                 600.                       5.29893541               4.41991711             878.303711E-03           675.962708E-03           564.00531E-03            112.061089E-03  
                   1.79999995E+03           7.53029299               6.33154249               1.19710684             960.474731E-03           807.904358E-03           152.725479E-03  
                   7.19999981E+03           8.90805149               7.51329756               1.39394462               1.13628495             958.537659E-03           177.830902E-03  




