
                     X                   AVERAGE_SDV3             AVERAGE_SDV4             AVERAGE_SDV5             AVERAGE_SDV9            AVERAGE_SDV10            AVERAGE_SDV11     

                   0.                       0.                       0.                       0.                       0.                       0.                       0.            
                 120.                       5.46938753               4.56704092             902.792969E-03           697.818542E-03           582.731995E-03           115.181641E-03  
                 600.                       8.28029919               6.97586823               1.304649                 1.05631328             890.114685E-03           166.39946E-03   
                   1.79999995E+03           8.56279278               7.21876144               1.34484005               1.09241724             920.911804E-03           171.547424E-03  
                   7.19999981E+03           8.56315708               7.21881104               1.34487152               1.09244835             921.392273E-03           171.55394E-03   




