
                     X                   AVERAGE_SDV3             AVERAGE_SDV4             AVERAGE_SDV5             AVERAGE_SDV9            AVERAGE_SDV10            AVERAGE_SDV11     

                   0.                       0.                       0.                       0.                       0.                       0.                       0.            
                 120.                       3.79375768               3.13104534             663.162903E-03           484.058533E-03           399.504364E-03            84.6044846E-03 
                 600.                       6.29380846               5.27345848               1.0205071              802.839905E-03           672.62207E-03            130.226257E-03  
                   1.79999995E+03           8.24044228               6.94193029               1.29859996               1.05118275             885.429138E-03           165.704117E-03  
                   7.19999981E+03           8.6847496                7.31990623               1.36217809               1.10773277             933.690063E-03           173.795059E-03  




