
                     X                   AVERAGE_SDV3             AVERAGE_SDV4             AVERAGE_SDV5             AVERAGE_SDV9            AVERAGE_SDV10            AVERAGE_SDV11     

                   0.                       0.                       0.                       0.                       0.                       0.                       0.            
                 120.                       4.0494895                3.35021734             699.513794E-03           516.580261E-03           427.471558E-03            89.2473984E-03 
                 600.                       6.39236689               5.35701752               1.03459918             815.534912E-03           683.425598E-03           131.970291E-03  
                   1.79999995E+03           8.93852139               7.53818798               1.39822209               1.14015377             961.635071E-03           178.411804E-03  
                   7.19999981E+03          10.1415663                8.57130814               1.57033777               1.2940197                1.09344709             200.360229E-03  




