
                     X                   AVERAGE_SDV3             AVERAGE_SDV4             AVERAGE_SDV5             AVERAGE_SDV9            AVERAGE_SDV10            AVERAGE_SDV11     

                   0.                       0.                       0.                       0.                       0.                       0.                       0.            
                 120.                       2.5886035                2.0974772              490.491364E-03           330.220062E-03           267.607391E-03            62.5856209E-03 
                 600.                       3.48594737               2.86689401             619.005127E-03           444.683319E-03           365.758118E-03            78.9718781E-03 
                   1.79999995E+03           4.96310663               4.13330173             830.466003E-03           633.245483E-03           527.30957E-03            105.930595E-03  
                   7.19999981E+03           6.9733882                5.85624599               1.11791551             889.757874E-03           747.159851E-03           142.615479E-03  




