
                     X                   AVERAGE_SDV3             AVERAGE_SDV4             AVERAGE_SDV5             AVERAGE_SDV9            AVERAGE_SDV10            AVERAGE_SDV11     

                   0.                       0.                       0.                       0.                       0.                       0.                       0.            
                 120.                       5.43255711               4.53553963             897.401184E-03           693.051453E-03           578.638611E-03           114.487869E-03  
                 600.                       9.07106018               7.65348434               1.41753924               1.15701759             976.277588E-03           180.832794E-03  
                   1.79999995E+03          10.2478971                8.6616745                1.58580267               1.30710649               1.1049912              202.286438E-03  
                   7.19999981E+03          10.2906303                8.70052433               1.59258235               1.31276667               1.10969508             203.117828E-03  




