
                     X                   AVERAGE_SDV3             AVERAGE_SDV4             AVERAGE_SDV5             AVERAGE_SDV9            AVERAGE_SDV10            AVERAGE_SDV11     

                   0.                       0.                       0.                       0.                       0.                       0.                       0.            
                 120.                       4.04954052               3.35005617             699.560608E-03           516.688599E-03           427.396484E-03            89.2423935E-03 
                 600.                       6.37898922               5.34748554               1.03278935             813.840271E-03           682.075134E-03           131.725784E-03  
                   1.79999995E+03           8.93187714               7.53568506               1.39760911               1.1396929              961.286621E-03           178.312195E-03  
                   7.19999981E+03          10.1683664                8.59591389               1.57426369               1.29738569               1.09637022             200.856308E-03  




