
                     X                   AVERAGE_SDV3             AVERAGE_SDV4             AVERAGE_SDV5             AVERAGE_SDV9            AVERAGE_SDV10            AVERAGE_SDV11     

                   0.                       0.                       0.                       0.                       0.                       0.                       0.            
                 120.                       4.05056047               3.35067081             699.664001E-03           516.756348E-03           427.505035E-03            89.2611542E-03 
                 600.                       6.38342857               5.3500104                1.03323042             814.241577E-03           682.553894E-03           131.838455E-03  
                   1.79999995E+03           8.93329906               7.53595114               1.39788246               1.13973796             961.678345E-03           178.338303E-03  
                   7.19999981E+03          10.1614294                8.58808994               1.5729779                1.29632902               1.09569335             200.691849E-03  




