
                     X                   AVERAGE_SDV3             AVERAGE_SDV4             AVERAGE_SDV5             AVERAGE_SDV9            AVERAGE_SDV10            AVERAGE_SDV11     

                   0.                       0.                       0.                       0.                       0.                       0.                       0.            
                 120.                       4.45223999               3.69458652             757.239014E-03           568.141846E-03           471.381927E-03            96.6152115E-03 
                 600.                       6.60263443               5.53721619               1.06459546             842.35907E-03            706.479675E-03           135.834854E-03  
                   1.79999995E+03           6.78125334               5.68877935               1.08994651             865.218262E-03           726.076843E-03           139.120316E-03  
                   7.19999981E+03           6.78126287               5.68880701               1.08995044             865.2276E-03             726.080017E-03           139.120804E-03  




