
                     X                   AVERAGE_SDV3             AVERAGE_SDV4             AVERAGE_SDV5             AVERAGE_SDV9            AVERAGE_SDV10            AVERAGE_SDV11     

                   0.                       0.                       0.                       0.                       0.                       0.                       0.            
                 120.                       4.76816607               3.96417451             802.204529E-03           608.220093E-03           505.88446E-03            102.335487E-03  
                 600.                       8.02737808               6.75802565               1.26802444               1.0241605              862.163574E-03           161.792923E-03  
                   1.79999995E+03          10.1472731                8.576334                 1.57113421               1.29456306               1.09419477             200.451614E-03  
                   7.19999981E+03          10.4795685                8.86232662               1.61832535               1.33705008               1.13053179             206.542938E-03  




