
                     X                   AVERAGE_SDV3             AVERAGE_SDV4             AVERAGE_SDV5             AVERAGE_SDV9            AVERAGE_SDV10            AVERAGE_SDV11     

                   0.                       0.                       0.                       0.                       0.                       0.                       0.            
                 120.                       4.05506563               3.3555398              700.45343E-03            517.315125E-03           427.97467E-03             89.3478546E-03 
                 600.                       6.39476204               5.36015034               1.03473449             815.622192E-03           683.663269E-03           132.033279E-03  
                   1.79999995E+03           8.94829369               7.54818296               1.39957368               1.14153147             962.763733E-03           178.60144E-03   
                   7.19999981E+03          10.1722336                8.59819794               1.57470846               1.29791749               1.09682226             200.914413E-03  




