
                     X                   AVERAGE_SDV3             AVERAGE_SDV4             AVERAGE_SDV5             AVERAGE_SDV9            AVERAGE_SDV10            AVERAGE_SDV11     

                   0.                       0.                       0.                       0.                       0.                       0.                       0.            
                 120.                       5.55659246               4.64235401             915.186829E-03           708.868896E-03           592.128967E-03           116.754852E-03  
                 600.                       8.44247723               7.11444235               1.32763946               1.07703376             907.688171E-03           169.349991E-03  
                   1.79999995E+03           8.74648094               7.37450743               1.37097919               1.11557317             940.862732E-03           174.826752E-03  
                   7.19999981E+03           8.74726582               7.37480688               1.37102985               1.11561275             941.004883E-03           174.838028E-03  




