
                     X                   AVERAGE_SDV3             AVERAGE_SDV4             AVERAGE_SDV5             AVERAGE_SDV9            AVERAGE_SDV10            AVERAGE_SDV11     

                   0.                       0.                       0.                       0.                       0.                       0.                       0.            
                 120.                       4.04352713               3.34456134             698.820007E-03           515.891968E-03           426.715454E-03            89.1378708E-03 
                 600.                       6.3614893                5.33049488               1.02999973             811.371216E-03           679.920959E-03           131.427628E-03  
                   1.79999995E+03           8.91627502               7.52092409               1.39508128               1.13737917             959.359863E-03           178.007034E-03  
                   7.19999981E+03          10.1705942                8.59629345               1.57433224               1.29746079               1.09645498             200.885834E-03  




