
                     X                   AVERAGE_SDV3             AVERAGE_SDV4             AVERAGE_SDV5             AVERAGE_SDV9            AVERAGE_SDV10            AVERAGE_SDV11     

                   0.                       0.                       0.                       0.                       0.                       0.                       0.            
                 120.                       4.05033255               3.35056424             699.624634E-03           516.729553E-03           427.473083E-03            89.2554779E-03 
                 600.                       6.38259029               5.34889984               1.03299272             814.106689E-03           682.340149E-03           131.830872E-03  
                   1.79999995E+03           8.93274498               7.53524113               1.39776146               1.13967097             961.304016E-03           178.312256E-03  
                   7.19999981E+03          10.1612873                8.58793259               1.5729419                1.2963233                1.09542251             200.690247E-03  




