
                     X                   AVERAGE_SDV3             AVERAGE_SDV4             AVERAGE_SDV5             AVERAGE_SDV9            AVERAGE_SDV10            AVERAGE_SDV11     

                   0.                       0.                       0.                       0.                       0.                       0.                       0.            
                 120.                       4.04102468               3.34416318             698.340088E-03           515.597717E-03           426.562042E-03            89.1142502E-03 
                 600.                       6.35363483               5.32561159               1.02904594             810.585022E-03           679.186035E-03           131.288467E-03  
                   1.79999995E+03           8.90944195               7.51592875               1.39451587               1.13678336             958.654236E-03           177.918045E-03  
                   7.19999981E+03          10.1717119                8.59793758               1.57488954               1.29787374               1.0966301              200.902237E-03  




