
                     X                   AVERAGE_SDV3             AVERAGE_SDV4             AVERAGE_SDV5             AVERAGE_SDV9            AVERAGE_SDV10            AVERAGE_SDV11     

                   0.                       0.                       0.                       0.                       0.                       0.                       0.            
                 120.                       4.19296551               3.47315478             720.050781E-03           534.82019E-03            442.986328E-03            91.8445969E-03 
                 600.                       6.61865664               5.55169296               1.067029               844.471436E-03           708.308228E-03           136.129578E-03  
                   1.79999995E+03           9.25830936               7.81299639               1.44439077               1.1811403              996.86261E-03            184.242889E-03  
                   7.19999981E+03          10.510704                 8.8866024                1.6230427                1.34091544               1.13385284             207.045471E-03  




