
                     X                   AVERAGE_SDV3             AVERAGE_SDV4             AVERAGE_SDV5             AVERAGE_SDV9            AVERAGE_SDV10            AVERAGE_SDV11     

                   0.                       0.                       0.                       0.                       0.                       0.                       0.            
                 120.                       4.01866293               3.3239367              694.879883E-03           512.638062E-03           423.873413E-03            88.6577301E-03 
                 600.                       6.25051689               5.23595142               1.01442623             797.284668E-03           667.979919E-03           129.377365E-03  
                   1.79999995E+03           8.82557678               7.4419899                1.38249588               1.12599218             949.555176E-03           176.315765E-03  
                   7.19999981E+03          10.2304392                8.64647198               1.58316588               1.30522048               1.10319757             201.935043E-03  




