
                     X                   AVERAGE_SDV3             AVERAGE_SDV4             AVERAGE_SDV5             AVERAGE_SDV9            AVERAGE_SDV10            AVERAGE_SDV11     

                   0.                       0.                       0.                       0.                       0.                       0.                       0.            
                 120.                       5.38073063               4.49106503             890.052429E-03           686.506836E-03           572.93573E-03            113.555748E-03  
                 600.                       8.55404377               7.21033621               1.34368086               1.09124613             920.059387E-03           171.398209E-03  
                   1.79999995E+03           9.0944519                7.67337608               1.42105508               1.16022086             979.092957E-03           181.232376E-03  
                   7.19999981E+03           9.0968256                7.67560148               1.42180943               1.16053295             979.994019E-03           181.305008E-03  




