
                     X                   AVERAGE_SDV3             AVERAGE_SDV4             AVERAGE_SDV5             AVERAGE_SDV9            AVERAGE_SDV10            AVERAGE_SDV11     

                   0.                       0.                       0.                       0.                       0.                       0.                       0.            
                 120.                       4.72315979               3.92663836             796.016724E-03           602.502625E-03           501.053497E-03           101.56189E-03   
                 600.                       7.4185648                6.23754787               1.18151581             946.379456E-03           795.695862E-03           150.73999E-03   
                   1.79999995E+03           7.82729197               6.58613062               1.23950064             998.335205E-03           840.147827E-03           158.179489E-03  
                   7.19999981E+03           7.82867956               6.59029722               1.2397635              998.570679E-03           840.365845E-03           158.202972E-03  




