
                     X                   AVERAGE_SDV3             AVERAGE_SDV4             AVERAGE_SDV5             AVERAGE_SDV9            AVERAGE_SDV10            AVERAGE_SDV11     

                   0.                       0.                       0.                       0.                       0.                       0.                       0.            
                 120.                       4.01883364               3.32381177             695.232788E-03           512.673767E-03           424.079834E-03            88.6742477E-03 
                 600.                       6.25438213               5.23875761               1.01496685             797.949585E-03           668.445862E-03           129.457321E-03  
                   1.79999995E+03           8.82988167               7.44566536               1.38307106               1.12634671             950.04187E-03            176.390945E-03  
                   7.19999981E+03          10.2286243                8.64431953               1.58305609               1.30504107               1.10307705             201.900162E-03  




