
                     X                   AVERAGE_SDV3             AVERAGE_SDV4             AVERAGE_SDV5             AVERAGE_SDV9            AVERAGE_SDV10            AVERAGE_SDV11     

                   0.                       0.                       0.                       0.                       0.                       0.                       0.            
                 120.                       4.95529127               4.12607718             828.951416E-03           632.061584E-03           526.322205E-03           105.760391E-03  
                 600.                       8.38271999               7.06309414               1.31883168               1.06924129             901.139343E-03           168.251022E-03  
                   1.79999995E+03          10.0334482                8.47703266               1.55450678               1.27957273               1.0815804              198.326126E-03  
                   7.19999981E+03          10.1757984                8.59635448               1.57444549               1.29722977               1.09725261             200.826859E-03  




