
                     X                   AVERAGE_SDV3             AVERAGE_SDV4             AVERAGE_SDV5             AVERAGE_SDV9            AVERAGE_SDV10            AVERAGE_SDV11     

                   0.                       0.                       0.                       0.                       0.                       0.                       0.            
                 120.                       4.05702353               3.35538983             700.610474E-03           517.569519E-03           428.126556E-03            89.3785629E-03 
                 600.                       6.39702702               5.36345673               1.03556991             816.369385E-03           684.163391E-03           132.079971E-03  
                   1.79999995E+03           8.94974995               7.55171347               1.40016031               1.14194977             963.324402E-03           178.648209E-03  
                   7.19999981E+03          10.1685152                8.5962038                1.57428932               1.29740417               1.0964241              200.858795E-03  




