
                     X                   AVERAGE_SDV3             AVERAGE_SDV4             AVERAGE_SDV5             AVERAGE_SDV9            AVERAGE_SDV10            AVERAGE_SDV11     

                   0.                       0.                       0.                       0.                       0.                       0.                       0.            
                 120.                       4.2477417                3.52052617             727.930664E-03           541.933105E-03           449.09314E-03             92.8641052E-03 
                 600.                       6.98886919               5.86942244               1.1198982              891.467468E-03           748.6651E-03             142.876694E-03  
                   1.79999995E+03           9.32676983               7.87261486               1.45414913               1.18994415               1.00431132             185.489395E-03  
                   7.19999981E+03           9.9699564                8.42534256               1.54662204               1.27228451               1.07459342             197.264633E-03  




