
                     X                   AVERAGE_SDV3             AVERAGE_SDV4             AVERAGE_SDV5             AVERAGE_SDV9            AVERAGE_SDV10            AVERAGE_SDV11     

                   0.                       0.                       0.                       0.                       0.                       0.                       0.            
                 120.                       4.01844931               3.32370782             695.200134E-03           512.609314E-03           424.053131E-03            88.6596146E-03 
                 600.                       6.25352573               5.23829079               1.01486492             797.839478E-03           668.384033E-03           129.442032E-03  
                   1.79999995E+03           8.82884216               7.44534111               1.38291466               1.12628543             949.959839E-03           176.372849E-03  
                   7.19999981E+03          10.2283039                8.64419556               1.58304226               1.30501699               1.10300064             201.890717E-03  




