
                     X                   AVERAGE_SDV3             AVERAGE_SDV4             AVERAGE_SDV5             AVERAGE_SDV9            AVERAGE_SDV10            AVERAGE_SDV11     

                   0.                       0.                       0.                       0.                       0.                       0.                       0.            
                 120.                       4.04444075               3.34568667             698.658936E-03           516.012268E-03           426.82547E-03             89.1478271E-03 
                 600.                       6.35904217               5.32855272               1.02975523             811.070801E-03           679.708923E-03           131.371902E-03  
                   1.79999995E+03           8.91571426               7.52017021               1.39525819               1.13738191             959.294861E-03           177.995956E-03  
                   7.19999981E+03          10.1742783                8.59947395               1.57535529               1.2980957                1.09705937             200.950348E-03  




