
                     X                   AVERAGE_SDV3             AVERAGE_SDV4             AVERAGE_SDV5             AVERAGE_SDV9            AVERAGE_SDV10            AVERAGE_SDV11     

                   0.                       0.                       0.                       0.                       0.                       0.                       0.            
                 120.                       4.62962484               3.8466959              782.540466E-03           590.65033E-03            490.862946E-03            99.8410034E-03 
                 600.                       7.82754564               6.58903646               1.23985338             998.80011E-03            840.422485E-03           158.185806E-03  
                   1.79999995E+03           9.42833614               7.96215248               1.46855474               1.20303273               1.01558876             187.388611E-03  
                   7.19999981E+03           9.57495594               8.09075069               1.48945975               1.22229707               1.03159428             190.056503E-03  




