
                     X                   AVERAGE_SDV3             AVERAGE_SDV4             AVERAGE_SDV5             AVERAGE_SDV9            AVERAGE_SDV10            AVERAGE_SDV11     

                   0.                       0.                       0.                       0.                       0.                       0.                       0.            
                 120.                       4.05515432               3.35458994             700.476562E-03           517.38446E-03            428.010132E-03            89.3742523E-03 
                 600.                       6.44897604               5.40770149               1.04281938             822.821289E-03           689.705994E-03           133.044327E-03  
                   1.79999995E+03           6.87387991               5.77073669               1.10344994             877.03363E-03            736.250305E-03           140.763626E-03  
                   7.19999981E+03           6.87608147               5.77632618               1.10412049             877.359924E-03           736.456665E-03           140.83194E-03   




