
                     X                   AVERAGE_SDV3             AVERAGE_SDV4             AVERAGE_SDV5             AVERAGE_SDV9            AVERAGE_SDV10            AVERAGE_SDV11     

                   0.                       0.                       0.                       0.                       0.                       0.                       0.            
                 120.                       3.48722839               2.86750293             619.056702E-03           444.755249E-03           365.783508E-03            78.9699783E-03 
                 600.                       4.88101387               4.06333733             818.652466E-03           622.702576E-03           518.340637E-03           104.454277E-03  
                   1.79999995E+03           7.02499962               5.90022421               1.12511849             896.104248E-03           752.822754E-03           143.546371E-03  
                   7.19999981E+03           9.4491024                7.97835588               1.47142696               1.20579445               1.01784289             187.745468E-03  




