
                     X                   AVERAGE_SDV3             AVERAGE_SDV4             AVERAGE_SDV5             AVERAGE_SDV9            AVERAGE_SDV10            AVERAGE_SDV11     

                   0.                       0.                       0.                       0.                       0.                       0.                       0.            
                 120.                       4.22533464               3.50041318             724.727905E-03           539.18103E-03            446.745758E-03            92.4581528E-03 
                 600.                       6.74208164               5.65567636               1.08468354             859.950684E-03           721.690186E-03           138.353195E-03  
                   1.79999995E+03           9.34933186               7.89084339               1.45724142               1.19263446               1.00686395             185.875198E-03  
                   7.19999981E+03          10.4558163                8.84212112               1.61543286               1.33385801               1.12802744             206.088379E-03  




