
                     X                   AVERAGE_SDV3             AVERAGE_SDV4             AVERAGE_SDV5             AVERAGE_SDV9            AVERAGE_SDV10            AVERAGE_SDV11     

                   0.                       0.                       0.                       0.                       0.                       0.                       0.            
                 120.                       3.78547883               3.12457061             661.566528E-03           483.020935E-03           398.598358E-03            84.4235535E-03 
                 600.                       4.81545115               4.0058322              808.871033E-03           614.255615E-03           511.10965E-03            103.195854E-03  
                   1.79999995E+03           6.69380903               5.61446714               1.07764506             853.824158E-03           716.510376E-03           137.45752E-03   
                   7.19999981E+03          10.0922842                8.52806473               1.56352222               1.28725326               1.08800542             199.445755E-03  




