
                     X                   AVERAGE_SDV3             AVERAGE_SDV4             AVERAGE_SDV5             AVERAGE_SDV9            AVERAGE_SDV10            AVERAGE_SDV11     

                   0.                       0.                       0.                       0.                       0.                       0.                       0.            
                 120.                       4.16472054               3.44909978             715.928528E-03           531.392944E-03           440.015137E-03            91.3098221E-03 
                 600.                       5.77428484               4.82808352             946.175659E-03           736.431641E-03           615.838257E-03           120.670898E-03  
                   1.79999995E+03           8.30649281               6.99796915               1.30808055               1.05959344             892.600952E-03           166.860275E-03  
                   7.19999981E+03          11.3644972                9.61841965               1.74489915               1.44969296               1.22719383             222.623505E-03  




