
                     X                   AVERAGE_SDV3             AVERAGE_SDV4             AVERAGE_SDV5             AVERAGE_SDV9            AVERAGE_SDV10            AVERAGE_SDV11     

                   0.                       0.                       0.                       0.                       0.                       0.                       0.            
                 120.                       6.4542942                5.41127014               1.04319608             823.396301E-03           690.294006E-03           133.123032E-03  
                 600.                      10.5493774                8.92168808               1.62833273               1.34567761               1.1379869              207.818024E-03  
                   1.79999995E+03          11.4943895                9.73329258               1.7636869                1.46667027               1.24142218             225.046936E-03  
                   7.19999981E+03          11.5102463                9.74980831               1.76588488               1.46876955               1.24340498             225.458099E-03  




