
                     X                   AVERAGE_SDV3             AVERAGE_SDV4             AVERAGE_SDV5             AVERAGE_SDV9            AVERAGE_SDV10            AVERAGE_SDV11     

                   0.                       0.                       0.                       0.                       0.                       0.                       0.            
                 120.                       5.1229434                4.26971769             853.078918E-03           653.533386E-03           544.722046E-03           108.821503E-03  
                 600.                       7.81688786               6.57824469               1.23836541             997.294373E-03           839.259094E-03           157.991104E-03  
                   1.79999995E+03           8.11332798               6.8319025                1.28111422               1.03516781             871.564148E-03           163.423782E-03  
                   7.19999981E+03           8.11377335               6.83228302               1.28118134               1.03518307             871.603516E-03           163.432022E-03  




