
                     X                   AVERAGE_SDV3             AVERAGE_SDV4             AVERAGE_SDV5             AVERAGE_SDV9            AVERAGE_SDV10            AVERAGE_SDV11     

                   0.                       0.                       0.                       0.                       0.                       0.                       0.            
                 120.                       4.19352627               3.47384405             720.057861E-03           534.875793E-03           442.997894E-03            91.8471527E-03 
                 600.                       6.792243                 5.69948626               1.09173763             866.381348E-03           727.17157E-03            139.255081E-03  
                   1.79999995E+03           9.26632309               7.82089281               1.44554853               1.18200159             997.819153E-03           184.38652E-03   
                   7.19999981E+03          10.135087                 8.56463146               1.57005858               1.29300785               1.09300828             200.212433E-03  




