
                     X                   AVERAGE_SDV3             AVERAGE_SDV4             AVERAGE_SDV5             AVERAGE_SDV9            AVERAGE_SDV10            AVERAGE_SDV11     

                   0.                       0.                       0.                       0.                       0.                       0.                       0.            
                 120.                       4.02040148               3.32444954             695.350647E-03           512.940186E-03           424.163147E-03            88.6971512E-03 
                 600.                       6.25775766               5.24371099               1.01548839             798.468018E-03           668.911133E-03           129.543503E-03  
                   1.79999995E+03           8.83242989               7.44849157               1.38339949               1.12660551             950.176453E-03           176.500977E-03  
                   7.19999981E+03          10.2254696                8.64264488               1.58258104               1.30423176               1.10260892             201.864716E-03  




