
                     X                   AVERAGE_SDV3             AVERAGE_SDV4             AVERAGE_SDV5             AVERAGE_SDV9            AVERAGE_SDV10            AVERAGE_SDV11     

                   0.                       0.                       0.                       0.                       0.                       0.                       0.            
                 120.                       3.82015491               3.15361261             667.027283E-03           487.428345E-03           402.331757E-03            85.0697937E-03 
                 600.                       6.4372077                5.39589024               1.04125488             821.256042E-03           688.366638E-03           132.807037E-03  
                   1.79999995E+03           7.94282913               6.68744469               1.25643587               1.01348162             853.172363E-03           160.269928E-03  
                   7.19999981E+03           8.12590408               6.84402275               1.28261769               1.03694677             873.148865E-03           163.609726E-03  




