
                     X                   AVERAGE_SDV3             AVERAGE_SDV4             AVERAGE_SDV5             AVERAGE_SDV9            AVERAGE_SDV10            AVERAGE_SDV11     

                   0.                       0.                       0.                       0.                       0.                       0.                       0.            
                 120.                       5.31147575               4.43270922             880.074158E-03           677.692566E-03           565.468811E-03           112.272743E-03  
                 600.                       8.61376953               7.26195049               1.35203803               1.09897935             926.552368E-03           172.485992E-03  
                   1.79999995E+03           9.3225708                7.86920881               1.45328641               1.18936241               1.00392258             185.390503E-03  
                   7.19999981E+03           9.33395481               7.87784386               1.45440686               1.19110632               1.00538611             185.578278E-03  




