
                     X                   displacement                force         

                   0.                       0.                      -0.            
                   5.                      11.0000048E-03          151.161148      
                  10.                      22.0000095E-03          302.306488      
                  15.                      32.9999962E-03          453.436157      
                  20.                      44.0000191E-03          604.549988      
                  25.                      54.9999886E-03          755.648193      
                  30.                      65.9999924E-03          906.730591      
                  35.                      77.0000076E-03            1.05779743E+03
                  40.                      88.0000381E-03            1.20884812E+03
                  45.                      98.9999847E-03            1.35988331E+03
                  50.                     109.999977E-03             1.510903E+03  
                  55.                     121.000038E-03             1.66190648E+03
                  60.                     131.999985E-03             1.81289434E+03
                  65.                     143.000046E-03             1.96386683E+03
                  70.                     154.000015E-03             2.11482382E+03
                  75.                     164.999969E-03             2.26576424E+03
                  80.                     176.000076E-03             2.41668963E+03
                  85.                     186.999969E-03             2.56759906E+03
                  90.                     197.999969E-03             2.71849275E+03
                  95.                     209.000076E-03             2.8693707E+03 
                 100.                     219.999954E-03             3.02023268E+03
                 105.                     230.999954E-03             3.17107892E+03
                 110.                     242.000076E-03             3.32191014E+03
                 115.                     252.999908E-03             3.47272539E+03
                 120.                     263.999969E-03             3.62352395E+03
                 125.                     275.000061E-03             3.77430844E+03
                 130.                     286.000092E-03             3.92507648E+03
                 135.                     296.999969E-03             4.07582903E+03
                 140.                     308.000031E-03             4.22656536E+03
                 145.                     319.000153E-03             4.37728548E+03
                 150.                     329.999939E-03             4.52799177E+03
                 155.                     341.E-03                   4.67868185E+03
                 160.                     352.000153E-03             4.82935429E+03
                 165.                     362.999939E-03             4.98001432E+03
                 170.                     373.999939E-03             5.13065529E+03
                 175.                     385.000153E-03             5.2812829E+03 
                 180.                     395.999939E-03             5.43189287E+03
                 185.                     406.999908E-03             5.58248949E+03
                 190.                     418.000153E-03             5.73306894E+03
                 195.                     428.999939E-03             5.88363314E+03
                 200.                     439.999908E-03             6.03418112E+03
                 205.                     451.000153E-03             6.18471384E+03
                 210.                     461.999908E-03             6.33523083E+03
                 215.                     472.999878E-03             6.48573303E+03
                 220.                     484.000153E-03             6.63621807E+03
                 225.                     494.999908E-03             6.78667879E+03
                 230.                     505.999817E-03             6.93705273E+03
                 235.                     517.000122E-03             7.08729076E+03
                 240.                     527.999939E-03             7.23735809E+03
                 245.                     538.999817E-03             7.38723087E+03
                 250.                     550.000122E-03             7.53688383E+03
                 255.                     560.999939E-03             7.68629122E+03
                 260.                     572.000183E-03             7.83543348E+03
                 265.                     583.000122E-03             7.98425198E+03
                 270.                     593.999939E-03             8.1326685E+03 
                 275.                     604.999817E-03             8.28061676E+03
                 280.                     616.000061E-03             8.42801571E+03
                 285.                     627.E-03                   8.57474327E+03
                 290.                     638.000305E-03             8.7206049E+03 
                 295.                     649.000122E-03             8.8653326E+03 
                 300.                     659.999878E-03             9.00851345E+03
                 305.                     670.999756E-03             9.1490612E+03 
                 310.                     682.E-03                   9.2836132E+03 
                 315.                     693.E-03                   9.41243935E+03
                 320.                     704.000305E-03             9.53403568E+03
                 325.                     715.000122E-03             9.62934399E+03
                 330.                     725.999878E-03             9.71498299E+03
                 335.                     736.999756E-03             9.79544258E+03
                 340.                     747.999878E-03             9.86952972E+03
                 345.                     759.000061E-03             9.937747E+03  
                 350.                     770.000305E-03            10.0007257E+03 
                 355.                     781.000061E-03            10.0589762E+03 
                 360.                     791.999878E-03            10.1126547E+03 
                 365.                     802.999756E-03            10.161006E+03  
                 370.                     813.999817E-03            10.2044611E+03 
                 375.                     825.000122E-03            10.2444305E+03 
                 380.                     836.000305E-03            10.2824192E+03 
                 385.                     847.000061E-03            10.318924E+03  
                 390.                     857.999878E-03            10.3540049E+03 
                 395.                     868.999939E-03            10.386631E+03  
                 400.                     879.999817E-03            10.4169321E+03 
                 405.                     891.000183E-03            10.4451618E+03 
                 410.                     902.000305E-03            10.4714575E+03 
                 415.                     913.000061E-03            10.4953156E+03 
                 420.                     923.999817E-03            10.5165806E+03 
                 425.                     934.999939E-03            10.5356855E+03 
                 430.                     945.999756E-03            10.5531073E+03 
                 435.                     957.000183E-03            10.56917E+03   
                 440.                     968.000305E-03            10.5836811E+03 
                 445.                     979.000061E-03            10.5964499E+03 
                 450.                     989.999817E-03            10.6072893E+03 
                 455.                       1.00099993              10.6161737E+03 
                 460.                       1.01199961              10.6232882E+03 
                 465.                       1.02300024              10.6289082E+03 
                 470.                       1.03400028              10.6331186E+03 
                 475.                       1.04499996              10.6357136E+03 
                 480.                       1.05599988              10.6362762E+03 
                 485.                       1.06699991              10.6350594E+03 
                 490.                       1.07799959              10.632328E+03  
                 495.                       1.08900023              10.6280479E+03 
                 500.                       1.10000026              10.6217585E+03 
                 505.                       1.11099994              10.6137009E+03 
                 510.                       1.12199986              10.6039639E+03 
                 515.                       1.1329999               10.5923185E+03 
                 520.                       1.14400041              10.5788784E+03 
                 525.                       1.15500033              10.5639744E+03 
                 530.                       1.16600025              10.5475121E+03 
                 535.                       1.17700005              10.5295238E+03 
                 540.                       1.18799984              10.5099859E+03 
                 545.                       1.19899976              10.4887714E+03 
                 550.                       1.20999968              10.4660387E+03 
                 555.                       1.22100031              10.4417505E+03 
                 560.                       1.23200011              10.4158468E+03 
                 565.                       1.24300003              10.3882265E+03 
                 570.                       1.25399995              10.3588867E+03 
                 575.                       1.26499987              10.3279676E+03 
                 580.                       1.27600062              10.2955351E+03 
                 585.                       1.28700006              10.2616148E+03 
                 590.                       1.29800022              10.2261791E+03 
                 595.                       1.30899978              10.1891747E+03 
                 600.                       1.31999981              10.1505346E+03 
                 605.                       1.33099985              10.110178E+03  
                 610.                       1.34199953              10.0678825E+03 
                 615.                       1.35300028              10.0234203E+03 
                 620.                       1.36399996               9.97674847E+03
                 625.                       1.375                    9.92782974E+03
                 630.                       1.38600004               9.87663269E+03
                 635.                       1.39699984               9.82307053E+03
                 640.                       1.40800059               9.76702404E+03
                 645.                       1.41900003               9.70837021E+03
                 650.                       1.43000019               9.64690685E+03
                 655.                       1.44100022               9.58241844E+03
                 660.                       1.45199978               9.51476765E+03
                 665.                       1.46300018               9.44379807E+03
                 670.                       1.4739995                9.36937618E+03
                 675.                       1.48500037               9.29131985E+03
                 680.                       1.49599981               9.20957375E+03
                 685.                       1.50699997               9.12330532E+03
                 690.                       1.51800013               9.03264618E+03
                 695.                       1.52899981               8.93704987E+03
                 700.                       1.54000056               8.83603668E+03
                 705.                       1.55099988               8.72929573E+03
                 710.                       1.56200016               8.61557007E+03
                 715.                       1.57299948               8.49458122E+03
                 720.                       1.58399975               8.367733E+03  
                 725.                       1.59500015               8.24018669E+03
                 730.                       1.60599947               8.11560345E+03
                 735.                       1.61700034               7.99484777E+03
                 740.                       1.62799966               7.87938118E+03
                 745.                       1.63900006               7.76778364E+03
                 750.                       1.65000021               7.65973759E+03
                 755.                       1.66099954               7.55543089E+03
                 760.                       1.67200065               7.45403719E+03
                 765.                       1.68299985               7.35511398E+03
                 770.                       1.69400012               7.25815773E+03
                 775.                       1.70500052               7.16262579E+03
                 780.                       1.71599972               7.06838512E+03
                 785.                       1.72700024               6.97440577E+03
                 790.                       1.73799992               6.88113594E+03
                 795.                       1.74900031               6.78818893E+03
                 800.                       1.75999963               6.69556427E+03
                 805.                       1.77100003               6.60352945E+03
                 810.                       1.78200042               6.51258183E+03
                 815.                       1.79299951               6.42336559E+03
                 820.                       1.80400062               6.33648968E+03
                 825.                       1.81499982               6.25235653E+03
                 830.                       1.82600009               6.17124367E+03
                 835.                       1.83700073               6.09333754E+03
                 840.                       1.84799969               6.01874924E+03
                 845.                       1.85900021               5.94752932E+03
                 850.                       1.86999989               5.87967253E+03
                 855.                       1.8810004                5.81512594E+03
                 860.                       1.89199948               5.75378323E+03
                 865.                       1.903                    5.6955328E+03 
                 870.                       1.91400039               5.6402545E+03 
                 875.                       1.92499948               5.58784103E+03
                 880.                       1.93600059               5.5381813E+03 
                 885.                       1.94699979               5.49111652E+03
                 890.                       1.95800006               5.44649982E+03
                 895.                       1.9690007                5.40417433E+03
                 900.                       1.97999966               5.36400795E+03
                 905.                       1.99100029               5.32585001E+03
                 910.                       2.00199986               5.28954887E+03
                 915.                       2.01300025               5.25498343E+03
                 920.                       2.02399921               5.2221055E+03 
                 925.                       2.03500009               5.19086456E+03
                 930.                       2.04600048               5.16118574E+03
                 935.                       2.05699944               5.13299561E+03
                 940.                       2.06800056               5.1062355E+03 
                 945.                       2.07899952               5.08084631E+03
                 950.                       2.08999991               5.05677509E+03
                 955.                       2.10100079               5.03380299E+03
                 960.                       2.11199975               5.01199961E+03
                 965.                       2.12300038               4.99121141E+03
                 970.                       2.13399982               4.97131777E+03
                 975.                       2.14500022               4.95216036E+03
                 980.                       2.15599918               4.9336791E+03 
                 985.                       2.16700006               4.91577291E+03
                 990.                       2.17800045               4.89836979E+03
                 995.                       2.18899941               4.88141108E+03
                   1.E+03                   2.20000052               4.86477423E+03




