
                     X                   AVERAGE_SDV3             AVERAGE_SDV4             AVERAGE_SDV5             AVERAGE_SDV9            AVERAGE_SDV10            AVERAGE_SDV11     

                   0.                       0.                       0.                       0.                       0.                       0.                       0.            
                 120.                       6.10760784               5.11388636             993.643616E-03           779.140564E-03           652.286621E-03           126.791595E-03  
                 600.                       9.90939331               8.37232876               1.5375129                1.26425266               1.06825888             196.099808E-03  
                   1.79999995E+03          10.7183838                9.06644249               1.65297449               1.367342                 1.15659368             210.821777E-03  
                   7.19999981E+03          10.7292137                9.07545948               1.65517843               1.36854482               1.15778506             211.043091E-03  




