
                     X                   AVERAGE_SDV3             AVERAGE_SDV4             AVERAGE_SDV5             AVERAGE_SDV9            AVERAGE_SDV10            AVERAGE_SDV11     

                   0.                       0.                       0.                       0.                       0.                       0.                       0.            
                 120.                       6.43374014               5.39141893               1.04037905             820.71991E-03            687.874084E-03           132.724899E-03  
                 600.                       9.77418804               8.25411129               1.51761925               1.24661791               1.0529052              193.605392E-03  
                   1.79999995E+03          10.1179543                8.54917336               1.56651533               1.29037082               1.09025514             199.831909E-03  
                   7.19999981E+03          10.1220512                8.54939079               1.56663036               1.29043853               1.09027135             199.844162E-03  




