
                     X                   AVERAGE_SDV3             AVERAGE_SDV4             AVERAGE_SDV5             AVERAGE_SDV9            AVERAGE_SDV10            AVERAGE_SDV11     

                   0.                       0.                       0.                       0.                       0.                       0.                       0.            
                 120.                       4.04892159               3.34979653             699.520264E-03           516.573059E-03           427.374634E-03            89.2331772E-03 
                 600.                       6.38750267               5.35426998               1.0339129              814.971008E-03           683.113403E-03           131.911591E-03  
                   1.79999995E+03           8.93453979               7.53606987               1.39818037               1.13997829             961.516357E-03           178.343796E-03  
                   7.19999981E+03          10.1476526                8.57627964               1.57153368               1.29481637               1.09434474             200.477875E-03  




