
                     X                   AVERAGE_SDV3             AVERAGE_SDV4             AVERAGE_SDV5             AVERAGE_SDV9            AVERAGE_SDV10            AVERAGE_SDV11     

                   0.                       0.                       0.                       0.                       0.                       0.                       0.            
                 120.                       4.62325573               3.84188294             781.533569E-03           589.744324E-03           490.189789E-03            99.7233658E-03 
                 600.                       7.63831472               6.42697144               1.21280873             974.414856E-03           819.975525E-03           154.714111E-03  
                   1.79999995E+03          10.1462288                8.5749054                1.57074487               1.29426837               1.09399486             200.419998E-03  
                   7.19999981E+03          10.8020859                9.1354847                1.66412532               1.37787986               1.16543508             212.385712E-03  




