
                     X                   AVERAGE_SDV3             AVERAGE_SDV4             AVERAGE_SDV5             AVERAGE_SDV9            AVERAGE_SDV10            AVERAGE_SDV11     

                   0.                       0.                       0.                       0.                       0.                       0.                       0.            
                 120.                       4.34776497               3.60550642             742.369263E-03           554.641296E-03           460.034454E-03            94.6972122E-03 
                 600.                       7.3120513                6.14732218               1.16622472             932.80304E-03            784.046631E-03           148.768753E-03  
                   1.79999995E+03           8.50757313               7.17118692               1.33684754               1.08519614             914.618652E-03           170.541046E-03  
                   7.19999981E+03           8.57987499               7.23354053               1.34739614               1.09409487             922.285217E-03           171.874344E-03  




