
                     X                   AVERAGE_SDV3             AVERAGE_SDV4             AVERAGE_SDV5             AVERAGE_SDV9            AVERAGE_SDV10            AVERAGE_SDV11     

                   0.                       0.                       0.                       0.                       0.                       0.                       0.            
                 120.                       4.94277191               4.11504316             827.307495E-03           630.317993E-03           524.955872E-03           105.546921E-03  
                 600.                       8.32293987               7.01199293               1.31068218               1.06174946             894.550964E-03           167.230453E-03  
                   1.79999995E+03           9.67630959               8.17133141               1.50405252               1.23434782               1.0423913              191.866516E-03  
                   7.19999981E+03           9.75233269               8.23839378               1.51539373               1.24466598               1.05087137             193.330627E-03  




