
                     X                   AVERAGE_SDV3             AVERAGE_SDV4             AVERAGE_SDV5             AVERAGE_SDV9            AVERAGE_SDV10            AVERAGE_SDV11     

                   0.                       0.                       0.                       0.                       0.                       0.                       0.            
                 120.                       4.95651722               4.12737465             829.289856E-03           632.320435E-03           526.57074E-03            105.816429E-03  
                 600.                       8.27887726               6.97435379               1.30408156               1.05604744             889.841858E-03           166.392685E-03  
                   1.79999995E+03           9.37927151               7.91716623               1.46152997               1.19632053               1.01007867             186.399139E-03  
                   7.19999981E+03           9.42483997               7.95395756               1.46779132               1.20195472               1.01518846             187.165451E-03  




