
                     X                   AVERAGE_SDV3             AVERAGE_SDV4             AVERAGE_SDV5             AVERAGE_SDV9            AVERAGE_SDV10            AVERAGE_SDV11     

                   0.                       0.                       0.                       0.                       0.                       0.                       0.            
                 120.                       2.30008221               1.85124969             448.98819E-03            293.465485E-03           236.139481E-03            57.2766685E-03 
                 600.                       2.5344727                2.05147457             482.805786E-03           323.300354E-03           261.711304E-03            61.6088181E-03 
                   1.79999995E+03           3.05180097               2.49554205             557.060974E-03           389.407471E-03           318.339691E-03            71.0688782E-03 
                   7.19999981E+03           4.6385746                3.85477853             783.839539E-03           591.656128E-03           491.703735E-03           100.01281E-03   




