
                     X                   AVERAGE_SDV3             AVERAGE_SDV4             AVERAGE_SDV5             AVERAGE_SDV9            AVERAGE_SDV10            AVERAGE_SDV11     

                   0.                       0.                       0.                       0.                       0.                       0.                       0.            
                 120.                       6.34008551               5.31296444               1.02729774             808.955994E-03           677.92395E-03            131.044189E-03  
                 600.                       9.3174715                7.8650856                1.45280409               1.18872702               1.0034312              185.327637E-03  
                   1.79999995E+03           9.532547                 8.05040073               1.48412704               1.21629095               1.02730107             189.329361E-03  
                   7.19999981E+03           9.53359699               8.05049324               1.4841342                1.21629941               1.02731705             189.32991E-03   




