
                     X                   AVERAGE_SDV3             AVERAGE_SDV4             AVERAGE_SDV5             AVERAGE_SDV9            AVERAGE_SDV10            AVERAGE_SDV11     

                   0.                       0.                       0.                       0.                       0.                       0.                       0.            
                 120.                       2.95766377               2.41386604             543.516357E-03           377.353088E-03           308.012238E-03            69.338295E-03  
                 600.                       4.86476994               4.04851723             816.266357E-03           620.5979E-03             516.561646E-03           104.144798E-03  
                   1.79999995E+03           6.41238403               5.37524796               1.03765297             818.130249E-03           685.859863E-03           132.36792E-03   
                   7.19999981E+03           6.79690552               5.70342684               1.09242582             867.186035E-03           727.946289E-03           139.36615E-03   




