
                     X                   AVERAGE_SDV3             AVERAGE_SDV4             AVERAGE_SDV5             AVERAGE_SDV9            AVERAGE_SDV10            AVERAGE_SDV11     

                   0.                       0.                       0.                       0.                       0.                       0.                       0.            
                 120.                       5.12410259               4.27043056             853.383606E-03           653.574097E-03           544.763733E-03           108.84391E-03   
                 600.                       7.34545994               6.17491627               1.17105412             937.125488E-03           787.74884E-03            149.390549E-03  
                   1.79999995E+03           7.4717598                6.28220463               1.18899047             953.182251E-03           801.355103E-03           151.705475E-03  
                   7.19999981E+03           7.47176027               6.28220987               1.18899047             953.216797E-03           801.355713E-03           151.708328E-03  




