
                     X                   AVERAGE_SDV3             AVERAGE_SDV4             AVERAGE_SDV5             AVERAGE_SDV9            AVERAGE_SDV10            AVERAGE_SDV11     

                   0.                       0.                       0.                       0.                       0.                       0.                       0.            
                 120.                       4.96661949               4.13646126             830.589783E-03           633.552185E-03           527.603882E-03           105.981537E-03  
                 600.                       8.28886223               6.98374176               1.30579019               1.05745316             890.795959E-03           166.548218E-03  
                   1.79999995E+03           9.37640381               7.91596794               1.46136415               1.19623148               1.00970209             186.380371E-03  
                   7.19999981E+03           9.41829014               7.95233679               1.46755385               1.20186329               1.01422191             187.137619E-03  




