
                     X                   AVERAGE_SDV3             AVERAGE_SDV4             AVERAGE_SDV5             AVERAGE_SDV9            AVERAGE_SDV10            AVERAGE_SDV11     

                   0.                       0.                       0.                       0.                       0.                       0.                       0.            
                 120.                       4.02016115               3.3240242              695.308167E-03           512.888062E-03           424.1492E-03              88.6788635E-03 
                 600.                       6.25665712               5.24102306               1.01517332             798.297974E-03           668.74115E-03            129.518738E-03  
                   1.79999995E+03           8.83023834               7.44729185               1.38320053               1.12645543             950.02533E-03            176.461212E-03  
                   7.19999981E+03          10.225543                 8.64271832               1.58258879               1.30425489               1.10262084             201.866455E-03  




