
                     X                   AVERAGE_SDV3             AVERAGE_SDV4             AVERAGE_SDV5             AVERAGE_SDV9            AVERAGE_SDV10            AVERAGE_SDV11     

                   0.                       0.                       0.                       0.                       0.                       0.                       0.            
                 120.                       4.04992342               3.35038328             699.48822E-03            516.659241E-03           427.398041E-03            89.2341156E-03 
                 600.                       6.38053513               5.34696722               1.03289628             814.006042E-03           682.30072E-03            131.752991E-03  
                   1.79999995E+03           8.93346596               7.53445911               1.39763367               1.1397723              961.443848E-03           178.326096E-03  
                   7.19999981E+03          10.1670189                8.5915556                1.57402015               1.29702473               1.09619987             200.82074E-03   




