
                     X                   AVERAGE_SDV3             AVERAGE_SDV4             AVERAGE_SDV5             AVERAGE_SDV9            AVERAGE_SDV10            AVERAGE_SDV11     

                   0.                       0.                       0.                       0.                       0.                       0.                       0.            
                 120.                       5.43319893               4.53727818             897.704895E-03           693.454529E-03           578.818665E-03           114.507423E-03  
                 600.                       9.08478928               7.66655827               1.41917491               1.15913641             977.905029E-03           181.083038E-03  
                   1.79999995E+03          10.2955971                8.70474625               1.59234333               1.31377208               1.11042953             203.193405E-03  
                   7.19999981E+03          10.3439302                8.74914646               1.59881902               1.32022429               1.11583018             204.094406E-03  




