
                     X                   AVERAGE_SDV3             AVERAGE_SDV4             AVERAGE_SDV5             AVERAGE_SDV9            AVERAGE_SDV10            AVERAGE_SDV11     

                   0.                       0.                       0.                       0.                       0.                       0.                       0.            
                 120.                       5.51630592               4.60619068             909.481812E-03           703.728638E-03           587.704895E-03           116.018127E-03  
                 600.                       8.28013992               6.9755435                1.30445957               1.05648172             890.036255E-03           166.426971E-03  
                   1.79999995E+03           8.53382301               7.19160557               1.34091747               1.08925641             917.958313E-03           171.045135E-03  
                   7.19999981E+03           8.5340395                7.19164848               1.34095228               1.08943677             917.967224E-03           171.058304E-03  




