
                     X                   AVERAGE_SDV3             AVERAGE_SDV4             AVERAGE_SDV5             AVERAGE_SDV9            AVERAGE_SDV10            AVERAGE_SDV11     

                   0.                       0.                       0.                       0.                       0.                       0.                       0.            
                 120.                       5.41294909               4.5193367              894.727722E-03           690.592468E-03           576.434204E-03           114.143639E-03  
                 600.                       8.89338493               7.50030375               1.39199054               1.13455033             956.928955E-03           177.572372E-03  
                   1.79999995E+03           9.77219391               8.25412846               1.51760566               1.24691713               1.05297148             193.605911E-03  
                   7.19999981E+03           9.79111862               8.27020741               1.52045107               1.24964976               1.05502558             193.960785E-03  




