
                     X                   AVERAGE_SDV3             AVERAGE_SDV4             AVERAGE_SDV5             AVERAGE_SDV9            AVERAGE_SDV10            AVERAGE_SDV11     

                   0.                       0.                       0.                       0.                       0.                       0.                       0.            
                 120.                       5.42437124               4.52659893             895.996033E-03           691.774536E-03           577.496399E-03           114.297966E-03  
                 600.                       9.05926704               7.64337587               1.41588068               1.15561199             975.022766E-03           180.609177E-03  
                   1.79999995E+03          10.2484074                8.66164112               1.58581221               1.30711293               1.10501695             202.289459E-03  
                   7.19999981E+03          10.2922583                8.70104885               1.59264672               1.31283331               1.10976923             203.124878E-03  




