
                     X                   AVERAGE_SDV3             AVERAGE_SDV4             AVERAGE_SDV5             AVERAGE_SDV9            AVERAGE_SDV10            AVERAGE_SDV11     

                   0.                       0.                       0.                       0.                       0.                       0.                       0.            
                 120.                       4.25156832               3.52339649             728.517883E-03           542.404297E-03           449.476654E-03            92.927124E-03  
                 600.                       7.00003338               5.8792305                1.12165165             892.853333E-03           749.896118E-03           143.094116E-03  
                   1.79999995E+03           9.33185768               7.87828493               1.45505571               1.19065857               1.0049566              185.626419E-03  
                   7.19999981E+03           9.96933746               8.42477417               1.54659235               1.27224636               1.07456017             197.262482E-03  




