
                     X                   AVERAGE_SDV3             AVERAGE_SDV4             AVERAGE_SDV5             AVERAGE_SDV9            AVERAGE_SDV10            AVERAGE_SDV11     

                   0.                       0.                       0.                       0.                       0.                       0.                       0.            
                 120.                       4.37316847               3.62750292             745.812927E-03           557.833313E-03           462.705353E-03            95.1415787E-03 
                 600.                       7.2573204                6.09901381               1.15835118             925.729065E-03           778.007507E-03           147.778488E-03  
                   1.79999995E+03           9.53817749               8.05455494               1.48435819               1.21673977               1.02748418             189.365051E-03  
                   7.19999981E+03          10.0736809                8.51380348               1.56136727               1.28517294               1.08599317             199.187042E-03  




