
                     X                   AVERAGE_SDV3             AVERAGE_SDV4             AVERAGE_SDV5             AVERAGE_SDV9            AVERAGE_SDV10            AVERAGE_SDV11     

                   0.                       0.                       0.                       0.                       0.                       0.                       0.            
                 120.                       4.04681635               3.34739065             698.981934E-03           516.393799E-03           427.06073E-03             89.2002182E-03 
                 600.                       6.34633541               5.31795311               1.0280906              809.687439E-03           678.734802E-03           131.155716E-03  
                   1.79999995E+03           8.91486454               7.52012777               1.39526272               1.137326               959.497192E-03           177.972504E-03  
                   7.19999981E+03          10.2122478                8.6331234                1.58054554               1.30304825               1.10144627             201.65921E-03   




