
                     X                   AVERAGE_SDV3             AVERAGE_SDV4             AVERAGE_SDV5             AVERAGE_SDV9            AVERAGE_SDV10            AVERAGE_SDV11     

                   0.                       0.                       0.                       0.                       0.                       0.                       0.            
                 120.                       3.18293142               2.60808635             575.262573E-03           406.056274E-03           332.619415E-03            73.3971558E-03 
                 600.                       3.60270977               2.96707869             635.469482E-03           459.700012E-03           378.557831E-03            81.0893326E-03 
                   1.79999995E+03           4.50410223               3.73992991             764.372986E-03           574.660156E-03           477.068329E-03            97.5281219E-03 
                   7.19999981E+03           7.0231328                5.8999958                1.12480402             896.143494E-03           752.613525E-03           143.498322E-03  




