
                     X                   AVERAGE_SDV3             AVERAGE_SDV4             AVERAGE_SDV5             AVERAGE_SDV9            AVERAGE_SDV10            AVERAGE_SDV11     

                   0.                       0.                       0.                       0.                       0.                       0.                       0.            
                 120.                       4.08181238               3.37805915             704.135986E-03           520.747925E-03           430.95755E-03             89.8100433E-03 
                 600.                       6.41244745               5.37496614               1.03727055             818.051208E-03           685.682983E-03           132.336319E-03  
                   1.79999995E+03           8.99929619               7.59004974               1.40706241               1.14784932             968.510986E-03           179.493927E-03  
                   7.19999981E+03          10.2882719                8.69515419               1.59111738               1.31231773               1.10930717             202.947998E-03  




