
                     X                   AVERAGE_SDV3             AVERAGE_SDV4             AVERAGE_SDV5             AVERAGE_SDV9            AVERAGE_SDV10            AVERAGE_SDV11     

                   0.                       0.                       0.                       0.                       0.                       0.                       0.            
                 120.                       5.73777771               4.79756165             941.188721E-03           732.143799E-03           611.936707E-03           120.06266E-03   
                 600.                       9.33093071               7.87598181               1.45473778               1.190274                 1.00472248             185.55513E-03   
                   1.79999995E+03          10.1202345                8.55267525               1.56764853               1.29114532               1.09113801             199.961716E-03  
                   7.19999981E+03          10.1339817                8.56316662               1.57001531               1.29296339               1.09246218             200.195862E-03  




