
                     X                   AVERAGE_SDV3             AVERAGE_SDV4             AVERAGE_SDV5             AVERAGE_SDV9            AVERAGE_SDV10            AVERAGE_SDV11     

                   0.                       0.                       0.                       0.                       0.                       0.                       0.            
                 120.                       4.19140816               3.47139144             719.80072E-03            534.674744E-03           442.9758E-03              91.8368301E-03 
                 600.                       6.64964247               5.57791901               1.07151234             848.449463E-03           711.771545E-03           136.697876E-03  
                   1.79999995E+03           9.26506805               7.81884909               1.44489908               1.1817919              997.544861E-03           184.36087E-03   
                   7.19999981E+03          10.4425631                8.82779598               1.61349404               1.33232033               1.12630999             205.825226E-03  




