
                     X                   AVERAGE_SDV3             AVERAGE_SDV4             AVERAGE_SDV5             AVERAGE_SDV9            AVERAGE_SDV10            AVERAGE_SDV11     

                   0.                       0.                       0.                       0.                       0.                       0.                       0.            
                 120.                       4.94042349               4.11252022             826.920044E-03           630.144775E-03           524.598816E-03           105.475983E-03  
                 600.                       8.26688766               6.96496201               1.30247235               1.05451834             888.412292E-03           166.153137E-03  
                   1.79999995E+03           9.41722202               7.95154333               1.46679306               1.20118725               1.01422405             187.141098E-03  
                   7.19999981E+03           9.46859074               7.99644232               1.47368419               1.20739436               1.01955855             188.017487E-03  




