
                     X                   AVERAGE_SDV3             AVERAGE_SDV4             AVERAGE_SDV5             AVERAGE_SDV9            AVERAGE_SDV10            AVERAGE_SDV11     

                   0.                       0.                       0.                       0.                       0.                       0.                       0.            
                 120.                       4.0521121                3.35250664             700.076721E-03           516.99231E-03            427.59903E-03             89.3151932E-03 
                 600.                       6.83466816               5.73750591               1.09802425             871.894409E-03           731.857117E-03           140.066269E-03  
                   1.79999995E+03           8.42707348               7.10085106               1.32529724               1.07493699             905.996948E-03           169.059097E-03  
                   7.19999981E+03           8.62171078               7.26562834               1.35266232               1.09934747             927.256531E-03           172.53006E-03   




