
                     X                   AVERAGE_SDV3             AVERAGE_SDV4             AVERAGE_SDV5             AVERAGE_SDV9            AVERAGE_SDV10            AVERAGE_SDV11     

                   0.                       0.                       0.                       0.                       0.                       0.                       0.            
                 120.                       4.02115393               3.32495618             695.440918E-03           513.020996E-03           424.223541E-03            88.7119217E-03 
                 600.                       6.26243973               5.24548626               1.01573944             798.688232E-03           669.258118E-03           129.599014E-03  
                   1.79999995E+03           8.83714199               7.45115185               1.38376534               1.12717509             950.808167E-03           176.536987E-03  
                   7.19999981E+03          10.2280226                8.6433773                1.58267391               1.30494082               1.10296631             201.882507E-03  




