
                     X                   AVERAGE_SDV3             AVERAGE_SDV4             AVERAGE_SDV5             AVERAGE_SDV9            AVERAGE_SDV10            AVERAGE_SDV11     

                   0.                       0.                       0.                       0.                       0.                       0.                       0.            
                 120.                       5.42232561               4.52733517             896.213257E-03           692.161011E-03           577.700378E-03           114.327492E-03  
                 600.                       9.1593523                7.73030567               1.43054116               1.16883147             986.360291E-03           182.490143E-03  
                   1.79999995E+03          10.7442131                9.08967113               1.6566143                1.37081623               1.15976441             211.387619E-03  
                   7.19999981E+03          10.8464603                9.17769909               1.67186069               1.38407576               1.17149532             213.345139E-03  




