
                     X                   AVERAGE_SDV3             AVERAGE_SDV4             AVERAGE_SDV5             AVERAGE_SDV9            AVERAGE_SDV10            AVERAGE_SDV11     

                   0.                       0.                       0.                       0.                       0.                       0.                       0.            
                 120.                       5.62315369               4.69752979             924.52887E-03            717.212585E-03           599.375793E-03           117.941956E-03  
                 600.                       9.30382156               7.85173559               1.45081222               1.18658769               1.00178385             185.039886E-03  
                   1.79999995E+03          10.3271894                8.72948742               1.5969317                1.31728494               1.11368966             203.706039E-03  
                   7.19999981E+03          10.3531132                8.7525692                1.60132933               1.32064366               1.11710262             204.209091E-03  




