
                     X                   AVERAGE_SDV3             AVERAGE_SDV4             AVERAGE_SDV5             AVERAGE_SDV9            AVERAGE_SDV10            AVERAGE_SDV11     

                   0.                       0.                       0.                       0.                       0.                       0.                       0.            
                 120.                       4.00402689               3.3108871              693.09375E-03            510.823792E-03           422.341339E-03            88.4175491E-03 
                 600.                       6.39605665               5.36101627               1.03516936             815.887695E-03           683.867615E-03           132.070068E-03  
                   1.79999995E+03           6.84303331               5.74370718               1.09900022             872.971741E-03           732.708008E-03           140.213181E-03  
                   7.19999981E+03           6.84707212               5.74969435               1.09989238             873.47229E-03            733.055786E-03           140.305283E-03  




