
                     X                   AVERAGE_SDV3             AVERAGE_SDV4             AVERAGE_SDV5             AVERAGE_SDV9            AVERAGE_SDV10            AVERAGE_SDV11     

                   0.                       0.                       0.                       0.                       0.                       0.                       0.            
                 120.                       5.18318033               4.32264042             861.784546E-03           661.286072E-03           551.412109E-03           109.932129E-03  
                 600.                       8.7799263                7.40272713               1.37583816               1.12005424             944.417114E-03           175.507416E-03  
                   1.79999995E+03          10.6457157                9.00230694               1.64236236               1.3580246                1.14842367             209.520218E-03  
                   7.19999981E+03          10.8333788                9.15931606               1.66824794               1.3817991                1.16836643             212.892349E-03  




