
                     X                   AVERAGE_SDV3             AVERAGE_SDV4             AVERAGE_SDV5             AVERAGE_SDV9            AVERAGE_SDV10            AVERAGE_SDV11     

                   0.                       0.                       0.                       0.                       0.                       0.                       0.            
                 120.                       4.56881905               3.79513097             773.979919E-03           583.017456E-03           484.179871E-03            98.7531357E-03 
                 600.                       6.88742018               5.7824769                1.10552061             878.880981E-03           737.638672E-03           141.029999E-03  
                   1.79999995E+03           7.11315775               5.97902679               1.13803601             908.033203E-03           762.314087E-03           145.180878E-03  
                   7.19999981E+03           7.1133728                5.97967339               1.13804901             908.098877E-03           762.328003E-03           145.182465E-03  




