
                     X                   AVERAGE_SDV3             AVERAGE_SDV4             AVERAGE_SDV5             AVERAGE_SDV9            AVERAGE_SDV10            AVERAGE_SDV11     

                   0.                       0.                       0.                       0.                       0.                       0.                       0.            
                 120.                       5.10694408               4.25629234             850.920593E-03           651.46991E-03            543.057617E-03           108.575325E-03  
                 600.                       7.81320238               6.57570839               1.23759198             996.584839E-03           838.877991E-03           157.902802E-03  
                   1.79999995E+03           8.12082481               6.83882666               1.28128505               1.03548396             872.468567E-03           163.526855E-03  
                   7.19999981E+03           8.1220665                6.8402195                1.28132272               1.03557837             872.61908E-03            163.538681E-03  




