
                     X                   AVERAGE_SDV3             AVERAGE_SDV4             AVERAGE_SDV5             AVERAGE_SDV9            AVERAGE_SDV10            AVERAGE_SDV11     

                   0.                       0.                       0.                       0.                       0.                       0.                       0.            
                 120.                       4.03407717               3.33634353             697.156311E-03           514.636108E-03           425.656677E-03            88.9349289E-03 
                 600.                       6.34601164               5.31906414               1.02801716             809.593628E-03           678.452942E-03           131.136154E-03  
                   1.79999995E+03           8.89463425               7.50134706               1.39204609               1.1344806              956.890686E-03           177.595123E-03  
                   7.19999981E+03          10.1396093                8.56883907               1.57007396               1.29355276               1.09315884             200.327957E-03  




