
                     X                   AVERAGE_SDV3             AVERAGE_SDV4             AVERAGE_SDV5             AVERAGE_SDV9            AVERAGE_SDV10            AVERAGE_SDV11     

                   0.                       0.                       0.                       0.                       0.                       0.                       0.            
                 120.                       4.0341835                3.33718872             697.232666E-03           514.626404E-03           425.835327E-03            88.9687347E-03 
                 600.                       6.34268093               5.31509733               1.0273447              809.199829E-03           678.234924E-03           131.08255E-03   
                   1.79999995E+03           8.89283848               7.50174046               1.39201558               1.13459086             957.035278E-03           177.571548E-03  
                   7.19999981E+03          10.1475229                8.57826519               1.57163811               1.29485536               1.09439278             200.484756E-03  




