
                     X                   AVERAGE_SDV3             AVERAGE_SDV4             AVERAGE_SDV5             AVERAGE_SDV9            AVERAGE_SDV10            AVERAGE_SDV11     

                   0.                       0.                       0.                       0.                       0.                       0.                       0.            
                 120.                       7.46669102               6.27640581               1.18788755             952.409912E-03           800.80481E-03            151.583344E-03  
                 600.                      10.7302418                9.0769701                1.65440023               1.36906886               1.15795135             211.093979E-03  
                   1.79999995E+03          10.9165382                9.23777103               1.68075585               1.39326537               1.17842519             214.459351E-03  
                   7.19999981E+03          10.9165401                9.23782825               1.68077958               1.39327037               1.17842531             214.459396E-03  




