
                     X                   AVERAGE_SDV3             AVERAGE_SDV4             AVERAGE_SDV5             AVERAGE_SDV9            AVERAGE_SDV10            AVERAGE_SDV11     

                   0.                       0.                       0.                       0.                       0.                       0.                       0.            
                 120.                       3.33036876               2.73360586             596.745911E-03           424.866058E-03           348.777069E-03            76.1102982E-03 
                 600.                       4.89723921               4.07617807             820.859802E-03           624.779602E-03           520.064026E-03           104.701378E-03  
                   1.79999995E+03           7.03932667               5.9121213                1.12714291             898.157593E-03           754.375732E-03           143.812943E-03  
                   7.19999981E+03           8.82380104               7.44052601               1.38203228               1.12557769             949.325134E-03           176.320267E-03  




