
                     X                   AVERAGE_SDV3             AVERAGE_SDV4             AVERAGE_SDV5             AVERAGE_SDV9            AVERAGE_SDV10            AVERAGE_SDV11     

                   0.                       0.                       0.                       0.                       0.                       0.                       0.            
                 120.                       4.04391432               3.34498096             698.519775E-03           515.843933E-03           426.767395E-03            89.1375656E-03 
                 600.                       6.35539436               5.32660818               1.02926528             810.826782E-03           679.418091E-03           131.319901E-03  
                   1.79999995E+03           8.91219807               7.51762915               1.39485633               1.13709497             959.044556E-03           177.962311E-03  
                   7.19999981E+03          10.1744843                8.59957027               1.5753715                1.29812205               1.0970695              200.951981E-03  




