
                     X                   AVERAGE_SDV3             AVERAGE_SDV4             AVERAGE_SDV5             AVERAGE_SDV9            AVERAGE_SDV10            AVERAGE_SDV11     

                   0.                       0.                       0.                       0.                       0.                       0.                       0.            
                 120.                       4.02033806               3.3242445              695.334351E-03           512.922302E-03           424.164948E-03            88.6831589E-03 
                 600.                       6.25728273               5.24320555               1.01539016             798.396851E-03           668.852112E-03           129.532211E-03  
                   1.79999995E+03           8.83151722               7.44821167               1.38327479               1.12654257             950.137451E-03           176.484482E-03  
                   7.19999981E+03          10.2255831                8.64279079               1.58259988               1.30430913               1.10264325             201.868362E-03  




