
                     X                   AVERAGE_SDV3             AVERAGE_SDV4             AVERAGE_SDV5             AVERAGE_SDV9            AVERAGE_SDV10            AVERAGE_SDV11     

                   0.                       0.                       0.                       0.                       0.                       0.                       0.            
                 120.                       5.12683105               4.27300358             853.663757E-03           654.107483E-03           545.265137E-03           108.893196E-03  
                 600.                       8.65774536               7.29753017               1.35848808               1.1044426              931.14801E-03            173.270798E-03  
                   1.79999995E+03          10.1660013                8.59199905               1.57383394               1.29674399               1.09605968             200.768173E-03  
                   7.19999981E+03          10.2696638                8.67700195               1.58872843               1.30968261               1.10707319             202.635025E-03  




