
                     X                   AVERAGE_SDV3             AVERAGE_SDV4             AVERAGE_SDV5             AVERAGE_SDV9            AVERAGE_SDV10            AVERAGE_SDV11     

                   0.                       0.                       0.                       0.                       0.                       0.                       0.            
                 120.                       4.05906057               3.35909963             700.880493E-03           517.778015E-03           428.458588E-03            89.4330063E-03 
                 600.                       6.40558004               5.36820269               1.03629088             817.016846E-03           684.828918E-03           132.214615E-03  
                   1.79999995E+03           8.9585619                7.55698395               1.40137792               1.14280343             963.909729E-03           178.783035E-03  
                   7.19999981E+03          10.1728563                8.59861088               1.57516932               1.29796743               1.09694481             200.922409E-03  




