
                     X                   AVERAGE_SDV3             AVERAGE_SDV4             AVERAGE_SDV5             AVERAGE_SDV9            AVERAGE_SDV10            AVERAGE_SDV11     

                   0.                       0.                       0.                       0.                       0.                       0.                       0.            
                 120.                       4.10138941               3.39542413             706.9422E-03             523.338135E-03           433.193085E-03            90.201622E-03  
                 600.                       6.42560339               5.38635397               1.0393368              819.602844E-03           687.014526E-03           132.591614E-03  
                   1.79999995E+03           9.03475285               7.62274981               1.41223109               1.15253985             972.221008E-03           180.147171E-03  
                   7.19999981E+03          10.3701725                8.76796246               1.60330117               1.32289267               1.11850703             204.490845E-03  




