
                     X                   AVERAGE_SDV3             AVERAGE_SDV4             AVERAGE_SDV5             AVERAGE_SDV9            AVERAGE_SDV10            AVERAGE_SDV11     

                   0.                       0.                       0.                       0.                       0.                       0.                       0.            
                 120.                       6.12259054               5.12734556             996.188232E-03           781.216309E-03           654.035217E-03           127.084297E-03  
                 600.                       9.81683922               8.2944088                1.52405286               1.25241339               1.05801737             194.440964E-03  
                   1.79999995E+03          10.4995413                8.878232                 1.62150204               1.33941042               1.13265514             206.851868E-03  
                   7.19999981E+03          10.5028067                8.88528252               1.62217486               1.34012103               1.1331408              207.029129E-03  




