
                     X                   AVERAGE_SDV3             AVERAGE_SDV4             AVERAGE_SDV5             AVERAGE_SDV9            AVERAGE_SDV10            AVERAGE_SDV11     

                   0.                       0.                       0.                       0.                       0.                       0.                       0.            
                 120.                       5.75702                  4.81277323             943.804077E-03           734.526123E-03           614.069946E-03           120.406609E-03  
                 600.                       8.26177788               6.95928097               1.30198848               1.05409849             887.994629E-03           166.075714E-03  
                   1.79999995E+03           8.40612698               7.08135033               1.32281208               1.07243073             903.878662E-03           168.629761E-03  
                   7.19999981E+03           8.40619469               7.0813508                1.32281232               1.07248008             903.879028E-03           168.629776E-03  




