
                     X                   AVERAGE_SDV3             AVERAGE_SDV4             AVERAGE_SDV5             AVERAGE_SDV9            AVERAGE_SDV10            AVERAGE_SDV11     

                   0.                       0.                       0.                       0.                       0.                       0.                       0.            
                 120.                       5.74264622               4.80163765             941.922058E-03           732.695618E-03           612.531494E-03           120.165955E-03  
                 600.                       8.90481853               7.51048851               1.39398098               1.13602436             958.369202E-03           177.796997E-03  
                   1.79999995E+03           9.31264782               7.86007071               1.45240796               1.18776584               1.00281858             185.196106E-03  
                   7.19999981E+03           9.31311321               7.86070299               1.45281911               1.18787384               1.00346303             185.213547E-03  




