
                     X                   AVERAGE_SDV3             AVERAGE_SDV4             AVERAGE_SDV5             AVERAGE_SDV9            AVERAGE_SDV10            AVERAGE_SDV11     

                   0.                       0.                       0.                       0.                       0.                       0.                       0.            
                 120.                       5.93912411               4.96853876             969.904846E-03           757.50885E-03            633.94458E-03            123.729103E-03  
                 600.                       8.5249939                7.18543482               1.33932424               1.08726871             916.666748E-03           170.8461E-03    
                   1.79999995E+03           8.67375469               7.3124485                1.36041987               1.10588527             933.121216E-03           173.505798E-03  
                   7.19999981E+03           8.67377186               7.31245041               1.36042023               1.10588539             933.123047E-03           173.505814E-03  




