
                     X                   AVERAGE_SDV3             AVERAGE_SDV4             AVERAGE_SDV5             AVERAGE_SDV9            AVERAGE_SDV10            AVERAGE_SDV11     

                   0.                       0.                       0.                       0.                       0.                       0.                       0.            
                 120.                       4.18640995               3.46673822             718.977539E-03           534.059082E-03           442.316833E-03            91.7119598E-03 
                 600.                       6.90349674               5.79463053               1.10741055             880.522644E-03           739.273315E-03           141.267563E-03  
                   1.79999995E+03           9.1758337                7.74322605               1.4322437                1.17037928             987.654785E-03           182.71199E-03   
                   7.19999981E+03           9.77989292               8.26098919               1.5185833                1.24727142               1.05335212             193.73233E-03   




