
                     X                   AVERAGE_SDV3             AVERAGE_SDV4             AVERAGE_SDV5             AVERAGE_SDV9            AVERAGE_SDV10            AVERAGE_SDV11     

                   0.                       0.                       0.                       0.                       0.                       0.                       0.            
                 120.                       5.73208094               4.79219437             940.167297E-03           731.119568E-03           611.273743E-03           119.960197E-03  
                 600.                       9.13400269               7.70727348               1.42657638               1.16507745             983.340576E-03           181.988037E-03  
                   1.79999995E+03           9.722682                 8.21285057               1.51083481               1.24015808               1.04759574             192.705856E-03  
                   7.19999981E+03           9.72852993               8.21856499               1.51165962               1.24105513               1.04832029             192.862106E-03  




