
                     X                   AVERAGE_SDV3             AVERAGE_SDV4             AVERAGE_SDV5             AVERAGE_SDV9            AVERAGE_SDV10            AVERAGE_SDV11     

                   0.                       0.                       0.                       0.                       0.                       0.                       0.            
                 120.                       5.6885705                4.7552309              933.757446E-03           725.489014E-03           606.391479E-03           119.130424E-03  
                 600.                       9.5820322                8.09191132               1.49015927               1.22242618               1.03221822             190.192154E-03  
                   1.79999995E+03          11.0851583                9.37869644               1.70475984               1.41418231               1.19665349             217.544876E-03  
                   7.19999981E+03          11.1647768                9.44935226               1.71592939               1.42473698               1.2055788              219.106827E-03  




