
                     X                   AVERAGE_SDV3             AVERAGE_SDV4             AVERAGE_SDV5             AVERAGE_SDV9            AVERAGE_SDV10            AVERAGE_SDV11     

                   0.                       0.                       0.                       0.                       0.                       0.                       0.            
                 120.                       3.94048071               3.25692987             684.056763E-03           502.667114E-03           415.380585E-03            87.2841263E-03 
                 600.                       6.54241276               5.48788786               1.05616057             834.696106E-03           699.880371E-03           134.759598E-03  
                   1.79999995E+03           7.36492348               6.19207764               1.17390573             939.559937E-03           789.812378E-03           149.77507E-03   
                   7.19999981E+03           7.39366722               6.21845436               1.17817771             943.361267E-03           792.998169E-03           150.342834E-03  




