
                     X                   AVERAGE_SDV3             AVERAGE_SDV4             AVERAGE_SDV5             AVERAGE_SDV9            AVERAGE_SDV10            AVERAGE_SDV11     

                   0.                       0.                       0.                       0.                       0.                       0.                       0.            
                 120.                       4.19951153               3.4787035              721.118713E-03           535.851624E-03           443.878632E-03            91.971283E-03  
                 600.                       6.67062998               5.59740162               1.07462752             851.188782E-03           713.945923E-03           137.07756E-03   
                   1.79999995E+03           9.28455353               7.83857346               1.44824505               1.18449593             999.798157E-03           184.735245E-03  
                   7.19999981E+03          10.448267                 8.83500671               1.61437523               1.33280277               1.1268754              205.928268E-03  




