
                     X                   AVERAGE_SDV3             AVERAGE_SDV4             AVERAGE_SDV5             AVERAGE_SDV9            AVERAGE_SDV10            AVERAGE_SDV11     

                   0.                       0.                       0.                       0.                       0.                       0.                       0.            
                 120.                       6.93248653               5.82084703               1.11161184             884.190247E-03           742.411438E-03           141.81546E-03   
                 600.                      10.6433764                9.00281334               1.64217186               1.35798633               1.14853907             209.497528E-03  
                   1.79999995E+03          11.0669565                9.36748981               1.70308304               1.41202176               1.19519293             217.276199E-03  
                   7.19999981E+03          11.0706196                9.37185192               1.70312512               1.41280353               1.19528842             217.28476E-03   




