
                     X                   AVERAGE_SDV3             AVERAGE_SDV4             AVERAGE_SDV5             AVERAGE_SDV9            AVERAGE_SDV10            AVERAGE_SDV11     

                   0.                       0.                       0.                       0.                       0.                       0.                       0.            
                 120.                       3.49190259               2.87291145             619.843811E-03           445.57309E-03            366.559296E-03            79.0794373E-03 
                 600.                       5.08569717               4.23870182             847.774536E-03           648.85498E-03            540.628296E-03           108.162056E-03  
                   1.79999995E+03           7.32500315               6.15793991               1.16774821             934.534668E-03           785.417786E-03           148.988052E-03  
                   7.19999981E+03           9.32270813               7.86835957               1.45311868               1.18933749               1.00385463             185.387802E-03  




