
                     X                   AVERAGE_SDV3             AVERAGE_SDV4             AVERAGE_SDV5             AVERAGE_SDV9            AVERAGE_SDV10            AVERAGE_SDV11     

                   0.                       0.                       0.                       0.                       0.                       0.                       0.            
                 120.                       4.69101954               3.89987731             791.365112E-03           598.533875E-03           497.462128E-03           100.915146E-03  
                 600.                       7.1890893                6.03809977               1.14843559             916.853333E-03           770.358582E-03           146.451538E-03  
                   1.79999995E+03          10.2486343                8.66203785               1.58559418               1.30728614               1.1051079              202.27533E-03   
                   7.19999981E+03          12.1826077               10.3185329                1.86177933               1.55413306               1.31645644             237.506332E-03  




