
                     X                   AVERAGE_SDV3             AVERAGE_SDV4             AVERAGE_SDV5             AVERAGE_SDV9            AVERAGE_SDV10            AVERAGE_SDV11     

                   0.                       0.                       0.                       0.                       0.                       0.                       0.            
                 120.                       6.36035967               5.33144903               1.03011155             811.628296E-03           679.968933E-03           131.408249E-03  
                 600.                       9.35857582               7.90109825               1.45865738               1.19393122               1.00772905             186.058716E-03  
                   1.79999995E+03           9.58177948               8.09264755               1.49002099               1.22254241               1.03168607             190.065506E-03  
                   7.19999981E+03           9.58190536               8.09287071               1.49093592               1.22256529               1.03169513             190.065842E-03  




