
                     X                   AVERAGE_SDV3             AVERAGE_SDV4             AVERAGE_SDV5             AVERAGE_SDV9            AVERAGE_SDV10            AVERAGE_SDV11     

                   0.                       0.                       0.                       0.                       0.                       0.                       0.            
                 120.                       2.99753451               2.44798279             549.208801E-03           382.440796E-03           312.423676E-03            70.0654221E-03 
                 600.                       4.72513103               3.92906833             796.283325E-03           602.965027E-03           501.330078E-03           101.616089E-03  
                   1.79999995E+03           6.57373428               5.51379633               1.06062603             838.704285E-03           703.504456E-03           135.328873E-03  
                   7.19999981E+03           7.41888332               6.23871994               1.18139946             946.485229E-03           795.852661E-03           150.720642E-03  




