
                     X                   AVERAGE_SDV3             AVERAGE_SDV4             AVERAGE_SDV5             AVERAGE_SDV9            AVERAGE_SDV10            AVERAGE_SDV11     

                   0.                       0.                       0.                       0.                       0.                       0.                       0.            
                 120.                       5.7723608                4.82549763             945.697449E-03           736.261963E-03           615.4328E-03             120.665588E-03  
                 600.                       8.48302555               7.14936161               1.33356118               1.08216894             912.012085E-03           170.136398E-03  
                   1.79999995E+03           8.68470573               7.3188591                1.36217248               1.10771453             933.679749E-03           173.794113E-03  
                   7.19999981E+03           8.68474865               7.32404804               1.3621732                1.10771632             933.68927E-03            173.794647E-03  




