
                     X                   AVERAGE_SDV3             AVERAGE_SDV4             AVERAGE_SDV5             AVERAGE_SDV9            AVERAGE_SDV10            AVERAGE_SDV11     

                   0.                       0.                       0.                       0.                       0.                       0.                       0.            
                 120.                       4.03327274               3.33692646             697.236145E-03           514.593811E-03           425.622498E-03            88.9198761E-03 
                 600.                       6.32252407               5.29818773               1.02475727             806.797241E-03           675.839233E-03           130.709869E-03  
                   1.79999995E+03           8.88321877               7.49224901               1.3907274                1.13333869             955.94342E-03            177.384369E-03  
                   7.19999981E+03          10.178359                 8.6047287                1.57611895               1.29886687               1.09773231             201.022202E-03  




