
                     X                   AVERAGE_SDV3             AVERAGE_SDV4             AVERAGE_SDV5             AVERAGE_SDV9            AVERAGE_SDV10            AVERAGE_SDV11     

                   0.                       0.                       0.                       0.                       0.                       0.                       0.            
                 120.                       4.44287348               3.68708634             755.850891E-03           566.808411E-03           470.404022E-03            96.4275894E-03 
                 600.                       7.50420427               6.31165981               1.19367135             957.3396E-03             805.17218E-03            152.276428E-03  
                   1.79999995E+03           8.94639587               7.54833078               1.39978826               1.14136636             962.9552E-03             178.552383E-03  
                   7.19999981E+03           9.06316853               7.65235806               1.41691482               1.15632594             976.112671E-03           180.694412E-03  




