
                     X                   AVERAGE_SDV3             AVERAGE_SDV4             AVERAGE_SDV5             AVERAGE_SDV9            AVERAGE_SDV10            AVERAGE_SDV11     

                   0.                       0.                       0.                       0.                       0.                       0.                       0.            
                 120.                       4.19280291               3.47243524             720.013916E-03           534.861938E-03           442.988892E-03            91.8566742E-03 
                 600.                       6.90580702               5.79942846               1.10808051             881.176208E-03           739.792175E-03           141.353394E-03  
                   1.79999995E+03           9.19559669               7.76221704               1.43539226               1.17326438             990.272949E-03           183.114563E-03  
                   7.19999981E+03           9.81290817               8.29246521               1.52347851               1.25223994               1.05804873             194.344269E-03  




