
                     X                   AVERAGE_SDV3             AVERAGE_SDV4             AVERAGE_SDV5             AVERAGE_SDV9            AVERAGE_SDV10            AVERAGE_SDV11     

                   0.                       0.                       0.                       0.                       0.                       0.                       0.            
                 120.                       5.49925661               4.59140253             906.667236E-03           701.450012E-03           585.723145E-03           115.700134E-03  
                 600.                       8.32021999               7.00853634               1.30995488               1.06133294             894.208191E-03           167.158295E-03  
                   1.79999995E+03           8.60008049               7.25015306               1.35049498               1.09757853             925.342102E-03           172.327042E-03  
                   7.19999981E+03           8.60419846               7.2502532                1.35052085               1.09762967             925.37793E-03            172.330902E-03  




