
                     X                   AVERAGE_SDV3             AVERAGE_SDV4             AVERAGE_SDV5             AVERAGE_SDV9            AVERAGE_SDV10            AVERAGE_SDV11     

                   0.                       0.                       0.                       0.                       0.                       0.                       0.            
                 120.                       4.04098129               3.34405208             698.291931E-03           515.568481E-03           426.556152E-03            89.1109009E-03 
                 600.                       6.35301828               5.32532072               1.02898228             810.541382E-03           679.145752E-03           131.282501E-03  
                   1.79999995E+03           8.90922356               7.51540327               1.39448202               1.13665843             958.612793E-03           177.909225E-03  
                   7.19999981E+03          10.1720428                8.59794807               1.57489061               1.29787815               1.09663558             200.902573E-03  




