
                     X                   AVERAGE_SDV3             AVERAGE_SDV4             AVERAGE_SDV5             AVERAGE_SDV9            AVERAGE_SDV10            AVERAGE_SDV11     

                   0.                       0.                       0.                       0.                       0.                       0.                       0.            
                 120.                       7.12462997               5.98693228               1.13936603             909.200867E-03           763.613464E-03           145.330719E-03  
                 600.                      11.0900402                9.38413429               1.70575404               1.41474807               1.19703305             217.579239E-03  
                   1.79999995E+03          11.6085701                9.82771969               1.78064108               1.48088622               1.25394082             227.064117E-03  
                   7.19999981E+03          11.6153259                9.83388233               1.78100359               1.48141313               1.25399482             227.080887E-03  




