
                     X                   AVERAGE_SDV3             AVERAGE_SDV4             AVERAGE_SDV5             AVERAGE_SDV9            AVERAGE_SDV10            AVERAGE_SDV11     

                   0.                       0.                       0.                       0.                       0.                       0.                       0.            
                 120.                       4.47086048               3.71136522             759.810669E-03           570.266663E-03           473.386108E-03            96.956543E-03  
                 600.                       7.32796812               6.16078424               1.16826451             934.984497E-03           786.009644E-03           149.066376E-03  
                   1.79999995E+03           8.05214214               6.78122234               1.27181995               1.02733827             865.06958E-03            162.277802E-03  
                   7.19999981E+03           8.06614494               6.79660416               1.27380228               1.02946043             867.084473E-03           162.595428E-03  




