
                     X                   displacement                force         

                   0.                       0.                      -0.            
                   5.                      12.4999981E-03          176.323059      
                  10.                      24.9999962E-03          352.625336      
                  15.                      37.5000114E-03          528.90686       
                  20.                      49.9999924E-03          705.167542      
                  25.                      62.5E-03                881.407593      
                  30.                      75.0000229E-03            1.05762661E+03
                  35.                      87.5E-03                  1.23382497E+03
                  40.                      99.9999847E-03            1.41000235E+03
                  45.                     112.499969E-03             1.58615959E+03
                  50.                     125.E-03                   1.76229525E+03
                  55.                     137.500031E-03             1.93841052E+03
                  60.                     150.000046E-03             2.11450505E+03
                  65.                     162.499969E-03             2.29057884E+03
                  70.                     175.E-03                   2.46663213E+03
                  75.                     187.5E-03                  2.64266443E+03
                  80.                     199.999969E-03             2.81867552E+03
                  85.                     212.500061E-03             2.99466658E+03
                  90.                     224.999939E-03             3.17063665E+03
                  95.                     237.500061E-03             3.34658575E+03
                 100.                     250.E-03                   3.52251387E+03
                 105.                     262.499939E-03             3.69842267E+03
                 110.                     275.000061E-03             3.8743093E+03 
                 115.                     287.499939E-03             4.05017567E+03
                 120.                     300.000092E-03             4.22602129E+03
                 125.                     312.5E-03                  4.40184498E+03
                 130.                     324.999939E-03             4.57764006E+03
                 135.                     337.5E-03                  4.75340843E+03
                 140.                     350.E-03                   4.92915058E+03
                 145.                     362.500092E-03             5.10486555E+03
                 150.                     375.E-03                   5.28054762E+03
                 155.                     387.499939E-03             5.45619726E+03
                 160.                     399.999939E-03             5.63181496E+03
                 165.                     412.500061E-03             5.80739641E+03
                 170.                     425.000122E-03             5.98293734E+03
                 175.                     437.5E-03                  6.15844202E+03
                 180.                     449.999878E-03             6.33390903E+03
                 185.                     462.499908E-03             6.50933552E+03
                 190.                     475.000122E-03             6.68472052E+03
                 195.                     487.500122E-03             6.86006308E+03
                 200.                     500.E-03                   7.03535986E+03
                 205.                     512.499878E-03             7.2106123E+03 
                 210.                     524.999878E-03             7.38582039E+03
                 215.                     537.500122E-03             7.56097746E+03
                 220.                     550.000122E-03             7.73608637E+03
                 225.                     562.5E-03                  7.91113853E+03
                 230.                     574.999878E-03             8.08613396E+03
                 235.                     587.499878E-03             8.26107311E+03
                 240.                     600.000183E-03             8.43594646E+03
                 245.                     612.500061E-03             8.61074734E+03
                 250.                     625.E-03                   8.78547001E+03
                 255.                     637.499939E-03             8.96010971E+03
                 260.                     649.999878E-03             9.13464451E+03
                 265.                     662.500183E-03             9.30905247E+03
                 270.                     675.E-03                   9.48331547E+03
                 275.                     687.5E-03                  9.6574049E+03 
                 280.                     700.E-03                   9.83128834E+03
                 285.                     712.499878E-03            10.0049324E+03 
                 290.                     725.000183E-03            10.1782894E+03 
                 295.                     737.499939E-03            10.351284E+03  
                 300.                     750.E-03                  10.5238008E+03 
                 305.                     762.500061E-03            10.6956873E+03 
                 310.                     774.999878E-03            10.8667021E+03 
                 315.                     787.500183E-03            11.0363092E+03 
                 320.                     799.999878E-03            11.2039652E+03 
                 325.                     812.5E-03                 11.366024E+03  
                 330.                     825.000122E-03            11.5223389E+03 
                 335.                     837.499756E-03            11.672967E+03  
                 340.                     850.000244E-03            11.8158941E+03 
                 345.                     862.499878E-03            11.9433365E+03 
                 350.                     875.E-03                  12.0478134E+03 
                 355.                     887.500122E-03            12.1478863E+03 
                 360.                     899.999756E-03            12.2397375E+03 
                 365.                     912.500244E-03            12.3173151E+03 
                 370.                     924.999817E-03            12.3701E+03    
                 375.                     937.5E-03                 12.4208593E+03 
                 380.                     950.000244E-03            12.4700775E+03 
                 385.                     962.499756E-03            12.5174284E+03 
                 390.                     975.000244E-03            12.5631266E+03 
                 395.                     987.499817E-03            12.6067591E+03 
                 400.                       1.                      12.6486187E+03 
                 405.                       1.01250029              12.6886778E+03 
                 410.                       1.02499974              12.7267599E+03 
                 415.                       1.03750026              12.7631607E+03 
                 420.                       1.04999971              12.7981806E+03 
                 425.                       1.0625                  12.8317394E+03 
                 430.                       1.07500029              12.8634624E+03 
                 435.                       1.08749974              12.8937559E+03 
                 440.                       1.10000026              12.9226532E+03 
                 445.                       1.11249971              12.9501314E+03 
                 450.                       1.125                   12.9761333E+03 
                 455.                       1.13750029              13.0003147E+03 
                 460.                       1.14999974              13.0222616E+03 
                 465.                       1.16250026              13.042263E+03  
                 470.                       1.17499971              13.060607E+03  
                 475.                       1.1875                  13.0772429E+03 
                 480.                       1.20000041              13.0921078E+03 
                 485.                       1.21249986              13.1051674E+03 
                 490.                       1.22500014              13.1162844E+03 
                 495.                       1.23749971              13.1249723E+03 
                 500.                       1.25                    13.1309643E+03 
                 505.                       1.26250041              13.1345482E+03 
                 510.                       1.27499986              13.1358175E+03 
                 515.                       1.28750002              13.1344671E+03 
                 520.                       1.29999971              13.1303186E+03 
                 525.                       1.3125                  13.1234303E+03 
                 530.                       1.32500041              13.1140223E+03 
                 535.                       1.33749998              13.10215E+03   
                 540.                       1.35000002              13.0877209E+03 
                 545.                       1.36249971              13.0708685E+03 
                 550.                       1.375                   13.0516958E+03 
                 555.                       1.38750041              13.03022E+03   
                 560.                       1.39999998              13.0065069E+03 
                 565.                       1.41250002              12.9806395E+03 
                 570.                       1.42499971              12.9525967E+03 
                 575.                       1.4375                  12.9224958E+03 
                 580.                       1.45000041              12.8903971E+03 
                 585.                       1.4625001               12.8563013E+03 
                 590.                       1.4749999               12.8202848E+03 
                 595.                       1.48749971              12.7823648E+03 
                 600.                       1.5                     12.7425432E+03 
                 605.                       1.51250041              12.7008686E+03 
                 610.                       1.5250001               12.6573629E+03 
                 615.                       1.5374999               12.6121588E+03 
                 620.                       1.54999971              12.5654202E+03 
                 625.                       1.5625                  12.5172482E+03 
                 630.                       1.57500041              12.4677267E+03 
                 635.                       1.5875001               12.4169111E+03 
                 640.                       1.59999979              12.3647785E+03 
                 645.                       1.61249948              12.3112583E+03 
                 650.                       1.625                   12.2561245E+03 
                 655.                       1.63750052              12.1991968E+03 
                 660.                       1.65000021              12.139905E+03  
                 665.                       1.66249979              12.0779915E+03 
                 670.                       1.67499948              12.0128241E+03 
                 675.                       1.6875                  11.9439306E+03 
                 680.                       1.70000052              11.8715296E+03 
                 685.                       1.71250021              11.7956219E+03 
                 690.                       1.72499979              11.7168522E+03 
                 695.                       1.73749948              11.6355124E+03 
                 700.                       1.75                    11.5519629E+03 
                 705.                       1.76250052              11.4662695E+03 
                 710.                       1.77500021              11.3787584E+03 
                 715.                       1.78749967              11.2889919E+03 
                 720.                       1.79999948              11.1975517E+03 
                 725.                       1.8125                  11.1043959E+03 
                 730.                       1.82500052              11.0096655E+03 
                 735.                       1.83750045              10.9135303E+03 
                 740.                       1.84999967              10.8162184E+03 
                 745.                       1.86249948              10.7181034E+03 
                 750.                       1.875                   10.6196995E+03 
                 755.                       1.88750052              10.5219345E+03 
                 760.                       1.90000045              10.4252748E+03 
                 765.                       1.91249967              10.3305941E+03 
                 770.                       1.92499948              10.2391396E+03 
                 775.                       1.9375                  10.1512575E+03 
                 780.                       1.95000052              10.0672359E+03 
                 785.                       1.96250045               9.98713875E+03
                 790.                       1.97499967               9.91093254E+03
                 795.                       1.98749948               9.83851814E+03
                 800.                       2.                       9.76977539E+03
                 805.                       2.01250052               9.70461655E+03
                 810.                       2.02500057               9.64297581E+03
                 815.                       2.03749943               9.58471107E+03
                 820.                       2.04999948               9.52970028E+03
                 825.                       2.0625                   9.47775173E+03
                 830.                       2.07500052               9.42858505E+03
                 835.                       2.08750057               9.38187313E+03
                 840.                       2.09999943               9.33740044E+03
                 845.                       2.11249948               9.29491234E+03
                 850.                       2.125                    9.25414276E+03
                 855.                       2.13750052               9.21496677E+03
                 860.                       2.15000057               9.1773119E+03 
                 865.                       2.16249943               9.14106941E+03
                 870.                       2.17499948               9.10609055E+03
                 875.                       2.1875                   9.07221603E+03
                 880.                       2.20000052               9.03911495E+03
                 885.                       2.21250057               9.00650024E+03
                 890.                       2.22499943               8.9739933E+03 
                 895.                       2.23749948               8.94114876E+03
                 900.                       2.25                     8.90749931E+03
                 905.                       2.26250052               8.8725462E+03 
                 910.                       2.27500057               8.8358345E+03 
                 915.                       2.28749943               8.79700565E+03
                 920.                       2.29999948               8.75576782E+03
                 925.                       2.3125                   8.71205807E+03
                 930.                       2.32500052               8.66614056E+03
                 935.                       2.33750081               8.61826515E+03
                 940.                       2.34999943               8.56912994E+03
                 945.                       2.36249948               8.51963139E+03
                 950.                       2.375                    8.47061634E+03
                 955.                       2.38750029               8.42280102E+03
                 960.                       2.40000081               8.37677383E+03
                 965.                       2.41249943               8.33289051E+03
                 970.                       2.42499971               8.29139805E+03
                 975.                       2.4375                   8.25239658E+03
                 980.                       2.45000029               8.21586609E+03
                 985.                       2.46250081               8.18173504E+03
                 990.                       2.47499943               8.14986038E+03
                 995.                       2.48749971               8.12009239E+03
                   1.E+03                   2.5                      8.09225368E+03




