
                     X                   AVERAGE_SDV3             AVERAGE_SDV4             AVERAGE_SDV5             AVERAGE_SDV9            AVERAGE_SDV10            AVERAGE_SDV11     

                   0.                       0.                       0.                       0.                       0.                       0.                       0.            
                 120.                       5.03021193               4.19041586             839.758057E-03           641.792175E-03           534.661011E-03           107.12114E-03   
                 600.                       8.47770596               7.14415026               1.3325125                1.08127165             911.290894E-03           169.997101E-03  
                   1.79999995E+03          10.7114315                9.06094933               1.65201306               1.36639369               1.15577865             210.769241E-03  
                   7.19999981E+03          11.0623636                9.35840225               1.70223737               1.41048682               1.19406235             217.159164E-03  




