
                     X                   AVERAGE_SDV3             AVERAGE_SDV4             AVERAGE_SDV5             AVERAGE_SDV9            AVERAGE_SDV10            AVERAGE_SDV11     

                   0.                       0.                       0.                       0.                       0.                       0.                       0.            
                 120.                       4.65457153               3.86791158             786.016968E-03           593.741028E-03           493.451416E-03           100.29203E-03   
                 600.                       7.61183786               6.40300274               1.20905244             971.037476E-03           817.077454E-03           154.238937E-03  
                   1.79999995E+03           8.33392143               7.0215683                1.31187451               1.06322968             895.886719E-03           167.373352E-03  
                   7.19999981E+03           8.34665108               7.03230762               1.31391418               1.06500959             897.918274E-03           167.645447E-03  




