
                     X                   AVERAGE_SDV3             AVERAGE_SDV4             AVERAGE_SDV5             AVERAGE_SDV9            AVERAGE_SDV10            AVERAGE_SDV11     

                   0.                       0.                       0.                       0.                       0.                       0.                       0.            
                 120.                       4.25189066               3.52358556             728.621887E-03           542.373413E-03           449.593842E-03            92.9634323E-03 
                 600.                       7.00249863               5.88184738               1.12196803             893.388306E-03           750.248047E-03           143.160858E-03  
                   1.79999995E+03           7.75171804               6.52524614               1.22907817             989.070862E-03           832.218445E-03           156.843781E-03  
                   7.19999981E+03           7.76971054               6.54316998               1.23189354             991.833191E-03           834.403564E-03           157.21553E-03   




