
                     X                   AVERAGE_SDV3             AVERAGE_SDV4             AVERAGE_SDV5             AVERAGE_SDV9            AVERAGE_SDV10            AVERAGE_SDV11     

                   0.                       0.                       0.                       0.                       0.                       0.                       0.            
                 120.                       4.42300081               3.67104149             752.97937E-03            564.35791E-03            468.258362E-03            96.0820847E-03 
                 600.                       7.294415                 6.12974024               1.16353571             930.65802E-03            782.13031E-03            148.428375E-03  
                   1.79999995E+03           9.70886993               8.20001221               1.50885797               1.23864007               1.046188               192.456833E-03  
                   7.19999981E+03          10.3549347                8.75307846               1.60150468               1.32117712               1.11717343             204.222488E-03  




