
                     X                   AVERAGE_SDV3             AVERAGE_SDV4             AVERAGE_SDV5             AVERAGE_SDV9            AVERAGE_SDV10            AVERAGE_SDV11     

                   0.                       0.                       0.                       0.                       0.                       0.                       0.            
                 120.                       3.22683334               2.64514565             582.051392E-03           411.780212E-03           337.385895E-03            74.2424011E-03 
                 600.                       5.4072094                4.51301479             893.962341E-03           689.829529E-03           575.696655E-03           114.03875E-03   
                   1.79999995E+03           6.78908062               5.69770193               1.09139764             866.148621E-03           726.85675E-03            139.248642E-03  
                   7.19999981E+03           6.99658203               5.87475967               1.12101054             892.545532E-03           749.503113E-03           143.025314E-03  




