
                     X                   AVERAGE_SDV3             AVERAGE_SDV4             AVERAGE_SDV5             AVERAGE_SDV9            AVERAGE_SDV10            AVERAGE_SDV11     

                   0.                       0.                       0.                       0.                       0.                       0.                       0.            
                 120.                       4.76218319               3.96061254             801.421753E-03           607.60907E-03            505.259918E-03           102.24482E-03   
                 600.                       8.02038383               6.75345659               1.26754987               1.0233041              861.627136E-03           161.694244E-03  
                   1.79999995E+03           9.34574127               7.88827181               1.45686507               1.19223487               1.00651264             185.837418E-03  
                   7.19999981E+03           9.42721462               7.95661306               1.46850789               1.20282817               1.01551592             187.353485E-03  




