
                     X                   AVERAGE_SDV3             AVERAGE_SDV4             AVERAGE_SDV5             AVERAGE_SDV9            AVERAGE_SDV10            AVERAGE_SDV11     

                   0.                       0.                       0.                       0.                       0.                       0.                       0.            
                 120.                       4.01997566               3.32395196             695.181519E-03           512.722046E-03           424.116364E-03            88.6755295E-03 
                 600.                       6.25757885               5.24040699               1.01493704             798.200012E-03           668.68512E-03            129.497253E-03  
                   1.79999995E+03           8.83153343               7.44693708               1.38305867               1.1265465              950.245483E-03           176.447937E-03  
                   7.19999981E+03          10.2279654                8.64329052               1.58266473               1.30485809               1.10295355             201.880905E-03  




