
                     X                   AVERAGE_SDV3             AVERAGE_SDV4             AVERAGE_SDV5             AVERAGE_SDV9            AVERAGE_SDV10            AVERAGE_SDV11     

                   0.                       0.                       0.                       0.                       0.                       0.                       0.            
                 120.                       4.11339045               3.40566969             708.805908E-03           524.853088E-03           434.372711E-03            90.432724E-03  
                 600.                       6.94289541               5.83018494               1.11339319             885.884216E-03           743.637817E-03           142.029465E-03  
                   1.79999995E+03           8.31433964               7.00554609               1.30948675               1.06076694             893.656128E-03           167.080933E-03  
                   7.19999981E+03           8.43483353               7.10857105               1.32673883               1.07586968             906.372498E-03           169.263458E-03  




