
                     X                   AVERAGE_SDV3             AVERAGE_SDV4             AVERAGE_SDV5             AVERAGE_SDV9            AVERAGE_SDV10            AVERAGE_SDV11     

                   0.                       0.                       0.                       0.                       0.                       0.                       0.            
                 120.                       4.04921722               3.34960127             699.481995E-03           516.617676E-03           427.329926E-03            89.233429E-03  
                 600.                       6.37593746               5.34461737               1.03256202             813.679993E-03           681.941284E-03           131.711914E-03  
                   1.79999995E+03           8.93028831               7.53449154               1.39739788               1.13946009             961.12561E-03            178.291138E-03  
                   7.19999981E+03          10.1680336                8.59587669               1.5742476                1.29735792               1.09636891             200.850616E-03  




