
                     X                   AVERAGE_SDV3             AVERAGE_SDV4             AVERAGE_SDV5             AVERAGE_SDV9            AVERAGE_SDV10            AVERAGE_SDV11     

                   0.                       0.                       0.                       0.                       0.                       0.                       0.            
                 120.                       5.44361591               4.54568005             899.007324E-03           694.452393E-03           579.675659E-03           114.705391E-03  
                 600.                       8.08740711               6.80939198               1.2768786                1.03139412             868.684265E-03           162.886826E-03  
                   1.79999995E+03           8.30613899               6.9990592                1.30832052               1.05902994             892.583069E-03           166.910919E-03  
                   7.19999981E+03           8.30895042               6.99914598               1.30832589               1.05903387             892.585938E-03           166.948685E-03  




