
                     X                   AVERAGE_SDV3             AVERAGE_SDV4             AVERAGE_SDV5             AVERAGE_SDV9            AVERAGE_SDV10            AVERAGE_SDV11     

                   0.                       0.                       0.                       0.                       0.                       0.                       0.            
                 120.                       5.50514603               4.59802771             907.761963E-03           702.184326E-03           586.511658E-03           115.813354E-03  
                 600.                       8.30418396               6.99698019               1.3081907                1.05938482             892.586487E-03           166.87056E-03   
                   1.79999995E+03           8.57622719               7.23190451               1.34732914               1.09393215             922.149231E-03           171.861359E-03  
                   7.19999981E+03           8.57637596               7.2333436                1.34737587               1.09407091             922.260193E-03           171.866867E-03  




