
                     X                   AVERAGE_SDV3             AVERAGE_SDV4             AVERAGE_SDV5             AVERAGE_SDV9            AVERAGE_SDV10            AVERAGE_SDV11     

                   0.                       0.                       0.                       0.                       0.                       0.                       0.            
                 120.                       3.30259275               2.70994258             592.690857E-03           421.382904E-03           345.701233E-03            75.5963669E-03 
                 600.                       4.38270617               3.63580489             747.211853E-03           559.05719E-03            463.812134E-03            95.2940979E-03 
                   1.79999995E+03           6.21599436               5.20754528               1.0096209              793.349548E-03           664.388794E-03           128.793152E-03  
                   7.19999981E+03           8.94686031               7.54679728               1.39995122               1.14148903             962.909302E-03           178.578568E-03  




