
                     X                   AVERAGE_SDV3             AVERAGE_SDV4             AVERAGE_SDV5             AVERAGE_SDV9            AVERAGE_SDV10            AVERAGE_SDV11     

                   0.                       0.                       0.                       0.                       0.                       0.                       0.            
                 120.                       4.24055672               3.51385593             727.032471E-03           540.977783E-03           448.352997E-03            92.7406082E-03 
                 600.                       7.16219997               6.01867151               1.1448921              913.686218E-03           767.654541E-03           146.041489E-03  
                   1.79999995E+03           8.70674133               7.34300709               1.36539483               1.11092508             936.494385E-03           174.197754E-03  
                   7.19999981E+03           8.86488152               7.48113108               1.38798344               1.13124526             953.612366E-03           177.121979E-03  




