
                     X                   AVERAGE_SDV3             AVERAGE_SDV4             AVERAGE_SDV5             AVERAGE_SDV9            AVERAGE_SDV10            AVERAGE_SDV11     

                   0.                       0.                       0.                       0.                       0.                       0.                       0.            
                 120.                       4.04870605               3.34944725             699.443787E-03           516.503967E-03           427.251495E-03            89.2533646E-03 
                 600.                       6.38822412               5.35468769               1.0339036              814.809021E-03           683.091858E-03           131.923874E-03  
                   1.79999995E+03           8.93481541               7.53597164               1.39817357               1.13973284             961.557373E-03           178.338318E-03  
                   7.19999981E+03          10.1451845                8.57436657               1.57135355               1.29439974               1.09411573             200.434998E-03  




