
                     X                   AVERAGE_SDV3             AVERAGE_SDV4             AVERAGE_SDV5             AVERAGE_SDV9            AVERAGE_SDV10            AVERAGE_SDV11     

                   0.                       0.                       0.                       0.                       0.                       0.                       0.            
                 120.                       4.04887867               3.34871483             699.391235E-03           516.566162E-03           427.28183E-03             89.2223511E-03 
                 600.                       6.37448454               5.34308195               1.03242111             813.479309E-03           681.798157E-03           131.67453E-03   
                   1.79999995E+03           8.92850685               7.53275442               1.39712942               1.13932335             960.989624E-03           178.265198E-03  
                   7.19999981E+03          10.1680241                8.59588051               1.57424569               1.29735637               1.09636855             200.850601E-03  




