
                     X                   AVERAGE_SDV3             AVERAGE_SDV4             AVERAGE_SDV5             AVERAGE_SDV9            AVERAGE_SDV10            AVERAGE_SDV11     

                   0.                       0.                       0.                       0.                       0.                       0.                       0.            
                 120.                       4.21751308               3.49384999             723.455383E-03           538.103516E-03           445.775452E-03            92.3128204E-03 
                 600.                       6.7183485                5.6359992                1.08120799             856.932312E-03           719.080994E-03           137.900986E-03  
                   1.79999995E+03           9.3289938                7.87286186               1.4543221                1.18999195               1.00460541             185.504623E-03  
                   7.19999981E+03          10.4565382                8.84228611               1.61547112               1.33390582               1.12806606             206.092834E-03  




