
                     X                   AVERAGE_SDV3             AVERAGE_SDV4             AVERAGE_SDV5             AVERAGE_SDV9            AVERAGE_SDV10            AVERAGE_SDV11     

                   0.                       0.                       0.                       0.                       0.                       0.                       0.            
                 120.                       3.25590324               2.67024374             586.13623E-03            415.428284E-03           340.693359E-03            74.7669067E-03 
                 600.                       5.29765797               4.41931343             878.027039E-03           675.842041E-03           563.863403E-03           112.026993E-03  
                   1.79999995E+03           7.13912487               5.99670172               1.14125299             910.750916E-03           765.068665E-03           145.595871E-03  
                   7.19999981E+03           7.71298981               6.48730803               1.22295392             984.142334E-03           828.019653E-03           156.085983E-03  




