
                     X                   AVERAGE_SDV3             AVERAGE_SDV4             AVERAGE_SDV5             AVERAGE_SDV9            AVERAGE_SDV10            AVERAGE_SDV11     

                   0.                       0.                       0.                       0.                       0.                       0.                       0.            
                 120.                       5.01796436               4.17884302             837.815186E-03           640.112244E-03           533.170654E-03           106.914955E-03  
                 600.                       8.46028996               7.12903929               1.33019507               1.07934821             909.58551E-03            169.696121E-03  
                   1.79999995E+03           9.88008499               8.34678841               1.53311515               1.26036441               1.06485438             195.585678E-03  
                   7.19999981E+03           9.96871471               8.42336655               1.5459125                1.27199209               1.07430148             197.236038E-03  




