
                     X                   AVERAGE_SDV3             AVERAGE_SDV4             AVERAGE_SDV5             AVERAGE_SDV9            AVERAGE_SDV10            AVERAGE_SDV11     

                   0.                       0.                       0.                       0.                       0.                       0.                       0.            
                 120.                       4.05962563               3.35756373             700.781799E-03           517.744995E-03           428.392578E-03            89.421257E-03  
                 600.                       6.40293026               5.36622667               1.03594911             816.766724E-03           684.430725E-03           132.172379E-03  
                   1.79999995E+03           8.95627403               7.55571651               1.40115511               1.1426115              963.718872E-03           178.730377E-03  
                   7.19999981E+03          10.1738243                8.59933853               1.5752703                1.29804039               1.09699035             200.936859E-03  




