
                     X                   AVERAGE_SDV3             AVERAGE_SDV4             AVERAGE_SDV5             AVERAGE_SDV9            AVERAGE_SDV10            AVERAGE_SDV11     

                   0.                       0.                       0.                       0.                       0.                       0.                       0.            
                 120.                       4.71657038               3.92227173             794.885132E-03           601.691772E-03           500.318817E-03           101.399811E-03  
                 600.                       7.3293519                6.16003132               1.16859341             934.993103E-03           786.069336E-03           149.090439E-03  
                   1.79999995E+03          10.375452                 8.7722044                1.60422564               1.32369936               1.11912918             204.638153E-03  
                   7.19999981E+03          12.0847816               10.2368336                1.84806299               1.541587                 1.30607235             235.766357E-03  




