
                     X                   AVERAGE_SDV3             AVERAGE_SDV4             AVERAGE_SDV5             AVERAGE_SDV9            AVERAGE_SDV10            AVERAGE_SDV11     

                   0.                       0.                       0.                       0.                       0.                       0.                       0.            
                 120.                       4.04915619               3.34993291             699.448547E-03           516.653687E-03           427.344604E-03            89.2381744E-03 
                 600.                       6.37875128               5.34741068               1.03271067             813.816467E-03           682.067688E-03           131.722946E-03  
                   1.79999995E+03           8.93124294               7.5351882                1.39745998               1.13962662             961.242432E-03           178.305252E-03  
                   7.19999981E+03          10.1674089                8.59473705               1.57408905               1.29713488               1.0962801              200.832886E-03  




