
                     X                   AVERAGE_SDV3             AVERAGE_SDV4             AVERAGE_SDV5             AVERAGE_SDV9            AVERAGE_SDV10            AVERAGE_SDV11     

                   0.                       0.                       0.                       0.                       0.                       0.                       0.            
                 120.                       4.04640818               3.3474021              698.897339E-03           516.21991E-03            426.977509E-03            89.1820145E-03 
                 600.                       6.34302759               5.31494093               1.02752316             809.263062E-03           678.149719E-03           131.103897E-03  
                   1.79999995E+03           8.91328621               7.51678371               1.39468956               1.13691175             959.201294E-03           177.944489E-03  
                   7.19999981E+03          10.2168856                8.63502789               1.58078611               1.30315113               1.10161316             201.733536E-03  




