
                     X                   AVERAGE_SDV3             AVERAGE_SDV4             AVERAGE_SDV5             AVERAGE_SDV9            AVERAGE_SDV10            AVERAGE_SDV11     

                   0.                       0.                       0.                       0.                       0.                       0.                       0.            
                 120.                       4.03415823               3.33644795             697.19281E-03            514.660583E-03           425.677368E-03            88.9397125E-03 
                 600.                       6.34777975               5.31954765               1.02829313             809.735962E-03           678.547913E-03           131.156601E-03  
                   1.79999995E+03           8.89530659               7.50216246               1.39222729               1.13457739             956.942078E-03           177.61322E-03   
                   7.19999981E+03          10.1396685                8.57005978               1.57012093               1.29356098               1.09317029             200.32962E-03   




