
                     X                   AVERAGE_SDV3             AVERAGE_SDV4             AVERAGE_SDV5             AVERAGE_SDV9            AVERAGE_SDV10            AVERAGE_SDV11     

                   0.                       0.                       0.                       0.                       0.                       0.                       0.            
                 120.                       4.04215527               3.34421897             698.349304E-03           515.601807E-03           426.571808E-03            89.1150742E-03 
                 600.                       6.35373592               5.32574224               1.02906525             810.616943E-03           679.22113E-03            131.289886E-03  
                   1.79999995E+03           8.90960217               7.51609087               1.39453471               1.13679957             958.669067E-03           177.923325E-03  
                   7.19999981E+03          10.1716585                8.59792614               1.57488894               1.29787254               1.09662867             200.902176E-03  




