
                     X                   AVERAGE_SDV3             AVERAGE_SDV4             AVERAGE_SDV5             AVERAGE_SDV9            AVERAGE_SDV10            AVERAGE_SDV11     

                   0.                       0.                       0.                       0.                       0.                       0.                       0.            
                 120.                       5.3453989                4.46091795             885.038452E-03           682.025024E-03           569.221375E-03           112.874306E-03  
                 600.                       8.89927292               7.50707102               1.39291096               1.13523078             957.697632E-03           177.684372E-03  
                   1.79999995E+03           9.99507904               8.44612694               1.54960263               1.27492273               1.07751                197.675125E-03  
                   7.19999981E+03          10.0314264                8.47948647               1.55470276               1.28008342               1.08192468             198.278885E-03  




