
                     X                   AVERAGE_SDV3             AVERAGE_SDV4             AVERAGE_SDV5             AVERAGE_SDV9            AVERAGE_SDV10            AVERAGE_SDV11     

                   0.                       0.                       0.                       0.                       0.                       0.                       0.            
                 120.                       4.04342318               3.34456849             698.654846E-03           515.728943E-03           426.58783E-03             89.1193695E-03 
                 600.                       6.32820892               5.3046422                1.02571309             807.420349E-03           676.510376E-03           130.844543E-03  
                   1.79999995E+03           8.90167236               7.50876284               1.39352691               1.13552749             957.822876E-03           177.74437E-03   
                   7.19999981E+03          10.2248363                8.64191532               1.58248818               1.30442071               1.10252047             201.867218E-03  




