
                     X                   AVERAGE_SDV3             AVERAGE_SDV4             AVERAGE_SDV5             AVERAGE_SDV9            AVERAGE_SDV10            AVERAGE_SDV11     

                   0.                       0.                       0.                       0.                       0.                       0.                       0.            
                 120.                       6.99244547               5.87356091               1.1205703              892.181091E-03           749.197876E-03           142.927948E-03  
                 600.                      11.1156082                9.40635109               1.70963693               1.4178195                1.1998359              218.076645E-03  
                   1.79999995E+03          11.7956705                9.99122524               1.80674255               1.50466049               1.27430677             230.498917E-03  
                   7.19999981E+03          11.804759                 9.997715                 1.80833673               1.50514114               1.27487755             230.565125E-03  




