
                     X                   AVERAGE_SDV3             AVERAGE_SDV4             AVERAGE_SDV5             AVERAGE_SDV9            AVERAGE_SDV10            AVERAGE_SDV11     

                   0.                       0.                       0.                       0.                       0.                       0.                       0.            
                 120.                       7.85438442               6.61150265               1.24347234               1.00196731             843.297607E-03           158.648209E-03  
                 600.                      11.8411865               10.0274916                1.81332445               1.51063383               1.27928841             231.332825E-03  
                   1.79999995E+03          12.2181072               10.3462095                1.86703265               1.55857408               1.32031274             238.186249E-03  
                   7.19999981E+03          12.2182913               10.3464642                1.86712587               1.55859256               1.32031703             238.189026E-03  




