
                     X                   AVERAGE_SDV3             AVERAGE_SDV4             AVERAGE_SDV5             AVERAGE_SDV9            AVERAGE_SDV10            AVERAGE_SDV11     

                   0.                       0.                       0.                       0.                       0.                       0.                       0.            
                 120.                       5.01381254               4.1764555              837.525879E-03           639.627808E-03           532.811096E-03           106.83873E-03   
                 600.                       8.44171143               7.11450338               1.3277005                1.07701206             907.637268E-03           169.358398E-03  
                   1.79999995E+03           9.79943943               8.27639103               1.52108777               1.25000465               1.05584526             194.046082E-03  
                   7.19999981E+03           9.87500381               8.34369469               1.53217709               1.2602421                1.06424594             195.433502E-03  




