
                     X                   AVERAGE_SDV3             AVERAGE_SDV4             AVERAGE_SDV5             AVERAGE_SDV9            AVERAGE_SDV10            AVERAGE_SDV11     

                   0.                       0.                       0.                       0.                       0.                       0.                       0.            
                 120.                       4.01786327               3.3223567              694.8255E-03             512.576477E-03           423.797058E-03            88.6483002E-03 
                 600.                       6.24833345               5.23421192               1.01392043             797.020447E-03           667.751343E-03           129.344559E-03  
                   1.79999995E+03           8.82367802               7.43964624               1.3820256                1.12556505             949.222107E-03           176.276352E-03  
                   7.19999981E+03          10.2309389                8.64653873               1.58317542               1.30522597               1.10320103             201.935532E-03  




