
                     X                   AVERAGE_SDV3             AVERAGE_SDV4             AVERAGE_SDV5             AVERAGE_SDV9            AVERAGE_SDV10            AVERAGE_SDV11     

                   0.                       0.                       0.                       0.                       0.                       0.                       0.            
                 120.                       4.13413191               3.42220569             711.501709E-03           527.296753E-03           436.690643E-03            90.7879868E-03 
                 600.                       6.96746826               5.85059977               1.11655879             888.829346E-03           746.505493E-03           142.495316E-03  
                   1.79999995E+03           8.66388893               7.3053956                1.35908222               1.10545492             932.000488E-03           173.424301E-03  
                   7.19999981E+03           8.88827038               7.49925232               1.39095616               1.13412416             956.909302E-03           177.577881E-03  




