
                     X                   AVERAGE_SDV3             AVERAGE_SDV4             AVERAGE_SDV5             AVERAGE_SDV9            AVERAGE_SDV10            AVERAGE_SDV11     

                   0.                       0.                       0.                       0.                       0.                       0.                       0.            
                 120.                       4.20490217               3.48394227             721.841736E-03           536.517944E-03           444.376587E-03            92.0989685E-03 
                 600.                       6.68289804               5.60587788               1.07615817             852.532227E-03           715.335266E-03           137.260818E-03  
                   1.79999995E+03           9.29842854               7.8476572                1.45012689               1.18640864               1.0012176              184.960785E-03  
                   7.19999981E+03          10.4565086                8.8425951                1.61548674               1.33411872               1.12806761             206.094421E-03  




