
                     X                   AVERAGE_SDV3             AVERAGE_SDV4             AVERAGE_SDV5             AVERAGE_SDV9            AVERAGE_SDV10            AVERAGE_SDV11     

                   0.                       0.                       0.                       0.                       0.                       0.                       0.            
                 120.                       4.01765537               3.32209897             694.851929E-03           512.539612E-03           423.879639E-03            88.6593018E-03 
                 600.                       6.24721336               5.23277617               1.01374948             796.859253E-03           667.707458E-03           129.334152E-03  
                   1.79999995E+03           8.82117271               7.43849277               1.38186264               1.12541044             949.152405E-03           176.273758E-03  
                   7.19999981E+03          10.2314167                8.64691162               1.58330786               1.30534124               1.10330963             201.971725E-03  




