
                     X                   AVERAGE_SDV3             AVERAGE_SDV4             AVERAGE_SDV5             AVERAGE_SDV9            AVERAGE_SDV10            AVERAGE_SDV11     

                   0.                       0.                       0.                       0.                       0.                       0.                       0.            
                 120.                       4.6890769                3.89772677             790.985474E-03           598.207092E-03           497.298462E-03           100.914803E-03  
                 600.                       7.50052452               6.30703592               1.19289625             956.745605E-03           804.48761E-03            152.177399E-03  
                   1.79999995E+03           8.0209856                6.75407839               1.26728177               1.02327919             861.510864E-03           161.685745E-03  
                   7.19999981E+03           8.02840519               6.76126003               1.2683543                1.02378428             861.860657E-03           161.766922E-03  




