
                     X                   AVERAGE_SDV3             AVERAGE_SDV4             AVERAGE_SDV5             AVERAGE_SDV9            AVERAGE_SDV10            AVERAGE_SDV11     

                   0.                       0.                       0.                       0.                       0.                       0.                       0.            
                 120.                       5.41302681               4.51862574             894.700378E-03           690.527893E-03           576.545593E-03           114.11602E-03   
                 600.                       8.20522118               6.91198206               1.29395151               1.04683566             881.942139E-03           165.044708E-03  
                   1.79999995E+03           8.48933506               7.15633059               1.33482194               1.08338416             912.87915E-03            170.27829E-03   
                   7.19999981E+03           8.48944759               7.15644836               1.33486795               1.08342326             913.551819E-03           170.281525E-03  




