
                     X                   AVERAGE_SDV3             AVERAGE_SDV4             AVERAGE_SDV5             AVERAGE_SDV9            AVERAGE_SDV10            AVERAGE_SDV11     

                   0.                       0.                       0.                       0.                       0.                       0.                       0.            
                 120.                       3.62099147               2.98329163             638.174377E-03           461.995422E-03           380.479797E-03            81.4236374E-03 
                 600.                       4.60017729               3.82325935             778.213867E-03           586.905212E-03           487.596252E-03            99.2894058E-03 
                   1.79999995E+03           6.39114571               5.35658312               1.03443062             815.369812E-03           683.302307E-03           131.966415E-03  
                   7.19999981E+03           9.63736439               8.13939285               1.49862003               1.22957265               1.03838968             191.140488E-03  




