
                     X                   AVERAGE_SDV3             AVERAGE_SDV4             AVERAGE_SDV5             AVERAGE_SDV9            AVERAGE_SDV10            AVERAGE_SDV11     

                   0.                       0.                       0.                       0.                       0.                       0.                       0.            
                 120.                       4.44527864               3.68920064             756.193481E-03           567.143311E-03           470.675018E-03            96.4648056E-03 
                 600.                       6.72768831               5.64433289               1.08255649             858.331238E-03           720.249817E-03           138.096909E-03  
                   1.79999995E+03           6.96139956               5.84429121               1.11589718             888.355652E-03           745.954651E-03           142.383575E-03  
                   7.19999981E+03           6.96466684               5.84472322               1.11592782             888.54071E-03            745.974487E-03           142.385941E-03  




