
                     X                   AVERAGE_SDV3             AVERAGE_SDV4             AVERAGE_SDV5             AVERAGE_SDV9            AVERAGE_SDV10            AVERAGE_SDV11     

                   0.                       0.                       0.                       0.                       0.                       0.                       0.            
                 120.                       4.24198723               3.51533461             727.038147E-03           541.104126E-03           448.480469E-03            92.7518539E-03 
                 600.                       6.77315569               5.68454123               1.0892086              864.086426E-03           725.202637E-03           138.961563E-03  
                   1.79999995E+03           9.38711357               7.92402935               1.46267915               1.19731915               1.01075172             186.551285E-03  
                   7.19999981E+03          10.4837141                8.86619663               1.61941063               1.33754432               1.13088048             206.58847E-03   




