
                     X                   AVERAGE_SDV3             AVERAGE_SDV4             AVERAGE_SDV5             AVERAGE_SDV9            AVERAGE_SDV10            AVERAGE_SDV11     

                   0.                       0.                       0.                       0.                       0.                       0.                       0.            
                 120.                       4.04232311               3.34443355             698.684814E-03           515.730957E-03           426.734955E-03            89.1048355E-03 
                 600.                       6.34435129               5.31705666               1.02785051             809.491577E-03           678.353149E-03           131.108276E-03  
                   1.79999995E+03           8.90885639               7.51422215               1.39406669               1.13638389             958.460571E-03           177.873123E-03  
                   7.19999981E+03          10.1958771                8.61565876               1.57800913               1.30065155               1.09915948             201.328903E-03  




