
                     X                   AVERAGE_SDV3             AVERAGE_SDV4             AVERAGE_SDV5             AVERAGE_SDV9            AVERAGE_SDV10            AVERAGE_SDV11     

                   0.                       0.                       0.                       0.                       0.                       0.                       0.            
                 120.                       4.37788391               3.63092399             746.594727E-03           558.497498E-03           463.297516E-03            95.2261887E-03 
                 600.                       7.29782391               6.13288116               1.16382563             930.96637E-03            782.465515E-03           148.491394E-03  
                   1.79999995E+03           9.49644184               8.01802731               1.47789443               1.21137702               1.02292168             188.584442E-03  
                   7.19999981E+03           9.96592903               8.41776657               1.54416931               1.27072322               1.07413065             197.13269E-03   




