
                     X                   AVERAGE_SDV3             AVERAGE_SDV4             AVERAGE_SDV5             AVERAGE_SDV9            AVERAGE_SDV10            AVERAGE_SDV11     

                   0.                       0.                       0.                       0.                       0.                       0.                       0.            
                 120.                       4.04155874               3.34416866             698.601196E-03           515.658325E-03           426.540588E-03            89.1219864E-03 
                 600.                       6.32693148               5.30314112               1.02525556             807.236938E-03           676.338989E-03           130.816513E-03  
                   1.79999995E+03           8.89969254               7.50708675               1.39303792               1.13530886             957.553894E-03           177.726883E-03  
                   7.19999981E+03          10.2253304                8.64278984               1.58252048               1.30445659               1.10253704             201.875107E-03  




