
                     X                   AVERAGE_SDV3             AVERAGE_SDV4             AVERAGE_SDV5             AVERAGE_SDV9            AVERAGE_SDV10            AVERAGE_SDV11     

                   0.                       0.                       0.                       0.                       0.                       0.                       0.            
                 120.                       4.04866171               3.34977984             699.521545E-03           516.577942E-03           427.3815E-03              89.2341156E-03 
                 600.                       6.38737631               5.35430717               1.0339185              814.975708E-03           683.119812E-03           131.912872E-03  
                   1.79999995E+03           8.93450356               7.53611326               1.39818466               1.13998485             961.528381E-03           178.34581E-03   
                   7.19999981E+03          10.1474466                8.57615471               1.57152748               1.29479957               1.09434116             200.476807E-03  




