
                     X                   AVERAGE_SDV3             AVERAGE_SDV4             AVERAGE_SDV5             AVERAGE_SDV9            AVERAGE_SDV10            AVERAGE_SDV11     

                   0.                       0.                       0.                       0.                       0.                       0.                       0.            
                 120.                       4.058074                 3.35843444             700.89447E-03            517.68457E-03            428.450104E-03            89.4008102E-03 
                 600.                       6.38196182               5.34932661               1.03323698             814.259583E-03           682.328735E-03           131.815842E-03  
                   1.79999995E+03           8.9480114                7.54838228               1.39998889               1.14168918             962.96106E-03            178.580566E-03  
                   7.19999981E+03          10.2087002                8.63049984               1.58027446               1.30266106               1.10097694             201.60585E-03   




