
                     X                   AVERAGE_SDV3             AVERAGE_SDV4             AVERAGE_SDV5             AVERAGE_SDV9            AVERAGE_SDV10            AVERAGE_SDV11     

                   0.                       0.                       0.                       0.                       0.                       0.                       0.            
                 120.                       5.21458149               4.34681511             865.992798E-03           665.027893E-03           554.654236E-03           110.508385E-03  
                 600.                       8.53370857               7.19165182               1.34057319               1.08855426             917.679749E-03           171.016846E-03  
                   1.79999995E+03           9.33542633               7.88006926               1.45513391               1.19074488               1.00531828             185.675613E-03  
                   7.19999981E+03           9.35332108               7.89205027               1.45727217               1.1928916                1.00743628             186.003418E-03  




