
                     X                   AVERAGE_SDV3             AVERAGE_SDV4             AVERAGE_SDV5             AVERAGE_SDV9            AVERAGE_SDV10            AVERAGE_SDV11     

                   0.                       0.                       0.                       0.                       0.                       0.                       0.            
                 120.                       5.87390232               4.91243935             960.301514E-03           749.170715E-03           626.748901E-03           122.507942E-03  
                 600.                       8.95015335               7.54891348               1.40016484               1.14172077             963.209473E-03           178.58905E-03   
                   1.79999995E+03           9.28090668               7.83075571               1.44710135               1.18364847             999.456482E-03           184.590927E-03  
                   7.19999981E+03           9.28120995               7.83154297               1.44794512               1.18368614             999.622375E-03           184.601898E-03  




