
                     X                   AVERAGE_SDV3             AVERAGE_SDV4             AVERAGE_SDV5             AVERAGE_SDV9            AVERAGE_SDV10            AVERAGE_SDV11     

                   0.                       0.                       0.                       0.                       0.                       0.                       0.            
                 120.                       4.05719566               3.35581303             700.634094E-03           517.620117E-03           428.173187E-03            89.3823624E-03 
                 600.                       6.39747572               5.36404562               1.0356524              816.45282E-03            684.203796E-03           132.084641E-03  
                   1.79999995E+03           8.95014191               7.55240536               1.40028346               1.14209831             963.380554E-03           178.659058E-03  
                   7.19999981E+03          10.1687832                8.5965147                1.57437611               1.2974689                1.09651268             200.86087E-03   




