
                     X                   AVERAGE_SDV3             AVERAGE_SDV4             AVERAGE_SDV5             AVERAGE_SDV9            AVERAGE_SDV10            AVERAGE_SDV11     

                   0.                       0.                       0.                       0.                       0.                       0.                       0.            
                 120.                       4.04388905               3.34495211             698.516602E-03           515.814453E-03           426.749878E-03            89.1366348E-03 
                 600.                       6.35526562               5.32649803               1.02922964             810.797241E-03           679.405945E-03           131.318069E-03  
                   1.79999995E+03           8.91198063               7.51722431               1.39483511               1.13704634             959.010071E-03           177.960388E-03  
                   7.19999981E+03          10.1744566                8.59955311               1.57536614               1.29811919               1.09706855             200.95163E-03   




