
                     X                   AVERAGE_SDV3             AVERAGE_SDV4             AVERAGE_SDV5             AVERAGE_SDV9            AVERAGE_SDV10            AVERAGE_SDV11     

                   0.                       0.                       0.                       0.                       0.                       0.                       0.            
                 120.                       4.05084372               3.3508215              699.709717E-03           516.659363E-03           427.498596E-03            89.2550964E-03 
                 600.                       6.38525629               5.35099173               1.03354299             814.538025E-03           682.734192E-03           131.855774E-03  
                   1.79999995E+03           8.93538475               7.53759718               1.39802432               1.13979113             961.519104E-03           178.343994E-03  
                   7.19999981E+03          10.1596212                8.58557034               1.57272828               1.29580128               1.09521973             200.658493E-03  




