
                     X                   AVERAGE_SDV3             AVERAGE_SDV4             AVERAGE_SDV5             AVERAGE_SDV9            AVERAGE_SDV10            AVERAGE_SDV11     

                   0.                       0.                       0.                       0.                       0.                       0.                       0.            
                 120.                       5.82888079               4.87582636             953.997803E-03           743.615112E-03           622.006165E-03           121.73877E-03   
                 600.                       9.35840034               7.90247583               1.45860064               1.19401693               1.0080961              186.109314E-03  
                   1.79999995E+03          10.0260878                8.47225761               1.5539645                1.27891123               1.080796               198.241608E-03  
                   7.19999981E+03          10.0318451                8.47997856               1.55474734               1.2801348                1.08194387             198.352936E-03  




