
                     X                   AVERAGE_SDV3             AVERAGE_SDV4             AVERAGE_SDV5             AVERAGE_SDV9            AVERAGE_SDV10            AVERAGE_SDV11     

                   0.                       0.                       0.                       0.                       0.                       0.                       0.            
                 120.                       6.42971325               5.38878584               1.03969264             820.189819E-03           687.519775E-03           132.662781E-03  
                 600.                      10.0958872                8.53275681               1.56390119               1.28793359               1.08868921             199.55751E-03   
                   1.79999995E+03          10.6308374                8.99315262               1.64057183               1.3561902                1.1472249              209.292068E-03  
                   7.19999981E+03          10.6340837                8.99735355               1.64069188               1.35658443               1.14803588             209.437851E-03  




