
                     X                   AVERAGE_SDV3             AVERAGE_SDV4             AVERAGE_SDV5             AVERAGE_SDV9            AVERAGE_SDV10            AVERAGE_SDV11     

                   0.                       0.                       0.                       0.                       0.                       0.                       0.            
                 120.                       4.04792118               3.34831476             699.140015E-03           516.4245E-03             427.188446E-03            89.212265E-03  
                 600.                       6.38761568               5.35460377               1.03386009             814.961487E-03           682.877136E-03           131.905411E-03  
                   1.79999995E+03           8.93190861               7.53481674               1.39751995               1.1394242              961.103882E-03           178.306702E-03  
                   7.19999981E+03          10.1375256                8.56875134               1.56986439               1.29349387               1.09308791             200.320297E-03  




