
                     X                   AVERAGE_SDV3             AVERAGE_SDV4             AVERAGE_SDV5             AVERAGE_SDV9            AVERAGE_SDV10            AVERAGE_SDV11     

                   0.                       0.                       0.                       0.                       0.                       0.                       0.            
                 120.                       6.34735823               5.32121372               1.02818966             809.977173E-03           678.716919E-03           131.182587E-03  
                 600.                      10.5349474                8.90907764               1.62636626               1.34406638               1.13658559             207.511276E-03  
                   1.79999995E+03          11.734786                 9.93490601               1.79732883               1.49662232               1.26755595             229.364105E-03  
                   7.19999981E+03          11.7716103                9.96804428               1.80181587               1.5009948                1.27098131             229.980484E-03  




