
                     X                   AVERAGE_SDV3             AVERAGE_SDV4             AVERAGE_SDV5             AVERAGE_SDV9            AVERAGE_SDV10            AVERAGE_SDV11     

                   0.                       0.                       0.                       0.                       0.                       0.                       0.            
                 120.                       4.58589268               3.80941081             776.078613E-03           585.079895E-03           485.959229E-03            99.023819E-03  
                 600.                       7.73275948               6.50828934               1.22634947             986.557922E-03           830.222168E-03           156.497284E-03  
                   1.79999995E+03           9.66833973               8.16801739               1.50309563               1.23367786               1.04188216             191.779434E-03  
                   7.19999981E+03           9.938241                 8.40275002               1.54203963               1.26835406               1.07169938             196.747253E-03  




