
                     X                   AVERAGE_SDV3             AVERAGE_SDV4             AVERAGE_SDV5             AVERAGE_SDV9            AVERAGE_SDV10            AVERAGE_SDV11     

                   0.                       0.                       0.                       0.                       0.                       0.                       0.            
                 120.                       5.70273638               4.76634169             935.90918E-03            727.46875E-03            607.90802E-03            119.400131E-03  
                 600.                       9.10574722               7.68290234               1.42219734               1.16166973             980.160095E-03           181.460129E-03  
                   1.79999995E+03           9.7117157                8.20183086               1.50853086               1.23882353               1.04632151             192.458817E-03  
                   7.19999981E+03           9.71855927               8.20692921               1.50904787               1.2394979                1.04689717             192.532227E-03  




