
                     X                   AVERAGE_SDV3             AVERAGE_SDV4             AVERAGE_SDV5             AVERAGE_SDV9            AVERAGE_SDV10            AVERAGE_SDV11     

                   0.                       0.                       0.                       0.                       0.                       0.                       0.            
                 120.                       4.05040407               3.35050464             699.531128E-03           516.805847E-03           427.450928E-03            89.2487488E-03 
                 600.                       6.38112736               5.34858418               1.03297782             814.133972E-03           682.377075E-03           131.772171E-03  
                   1.79999995E+03           8.93412781               7.53721142               1.39780474               1.13989997             961.531982E-03           178.343536E-03  
                   7.19999981E+03          10.1676416                8.59492588               1.57411325               1.29728115               1.09631395             200.838531E-03  




