
                     X                   AVERAGE_SDV3             AVERAGE_SDV4             AVERAGE_SDV5             AVERAGE_SDV9            AVERAGE_SDV10            AVERAGE_SDV11     

                   0.                       0.                       0.                       0.                       0.                       0.                       0.            
                 120.                       5.89284754               4.92963648             963.294983E-03           751.852905E-03           628.953674E-03           122.885033E-03  
                 600.                       8.45856285               7.12776661               1.32999754               1.07904696             909.401306E-03           169.669952E-03  
                   1.79999995E+03           8.60497856               7.25227213               1.35127985               1.09766257             925.67157E-03            172.359497E-03  
                   7.19999981E+03           8.60498047               7.25308609               1.35128295               1.09766281             925.678955E-03           172.360672E-03  




