
                     X                   AVERAGE_SDV3             AVERAGE_SDV4             AVERAGE_SDV5             AVERAGE_SDV9            AVERAGE_SDV10            AVERAGE_SDV11     

                   0.                       0.                       0.                       0.                       0.                       0.                       0.            
                 120.                       4.25210953               3.52393293             728.467102E-03           542.371216E-03           449.591278E-03            92.9344864E-03 
                 600.                       7.00941467               5.88675642               1.12266445             894.236084E-03           750.893982E-03           143.21759E-03   
                   1.79999995E+03           9.32507896               7.87230873               1.45380831               1.18968439               1.00421882             185.472946E-03  
                   7.19999981E+03           9.94237328               8.40476608               1.54271555               1.26916754               1.07196355             196.774796E-03  




