
                     X                   AVERAGE_SDV3             AVERAGE_SDV4             AVERAGE_SDV5             AVERAGE_SDV9            AVERAGE_SDV10            AVERAGE_SDV11     

                   0.                       0.                       0.                       0.                       0.                       0.                       0.            
                 120.                       5.19538927               4.33122396             863.477356E-03           662.802429E-03           552.593506E-03           110.146194E-03  
                 600.                       8.79381371               7.41575003               1.37787116               1.12186551             946.071045E-03           175.742676E-03  
                   1.79999995E+03          10.5113516                8.88757515               1.6234324                1.34093583               1.133798               207.034851E-03  
                   7.19999981E+03          10.6561079                9.01072502               1.6442616                1.35937059               1.14967787             209.609909E-03  




