
                     X                   AVERAGE_SDV3             AVERAGE_SDV4             AVERAGE_SDV5             AVERAGE_SDV9            AVERAGE_SDV10            AVERAGE_SDV11     

                   0.                       0.                       0.                       0.                       0.                       0.                       0.            
                 120.                       5.80424643               4.85476017             950.724182E-03           740.66449E-03            619.366333E-03           121.270386E-03  
                 600.                       9.07332802               7.65399075               1.41790295               1.15744627             976.75354E-03            180.866409E-03  
                   1.79999995E+03           9.5309639                8.0469408                1.4833585                1.21564901               1.0267359              189.187592E-03  
                   7.19999981E+03           9.5314455                8.04841518               1.48406518               1.21608377               1.02723575             189.30809E-03   




