
                     X                   AVERAGE_SDV3             AVERAGE_SDV4             AVERAGE_SDV5             AVERAGE_SDV9            AVERAGE_SDV10            AVERAGE_SDV11     

                   0.                       0.                       0.                       0.                       0.                       0.                       0.            
                 120.                       4.11958647               3.41070938             709.757263E-03           525.58844E-03            435.048157E-03            90.544693E-03  
                 600.                       6.37672901               5.34357262               1.03244901             813.537842E-03           681.862488E-03           131.733688E-03  
                   1.79999995E+03           6.67239809               5.59757185               1.07455111             851.506348E-03           714.442383E-03           137.162842E-03  
                   7.19999981E+03           6.67293596               5.59876585               1.07464623             851.562622E-03           714.68811E-03            137.194382E-03  




