
                     X                   AVERAGE_SDV3             AVERAGE_SDV4             AVERAGE_SDV5             AVERAGE_SDV9            AVERAGE_SDV10            AVERAGE_SDV11     

                   0.                       0.                       0.                       0.                       0.                       0.                       0.            
                 120.                       4.08801174               3.38216114             705.092163E-03           521.451843E-03           431.555542E-03            89.9383621E-03 
                 600.                       6.87599087               5.77249193               1.10399079             877.270569E-03           736.369507E-03           140.812866E-03  
                   1.79999995E+03           8.64274693               7.28582287               1.35648763               1.10257328             929.619751E-03           173.024979E-03  
                   7.19999981E+03           8.90605164               7.5125885                1.39421248               1.13638544             958.519653E-03           177.765259E-03  




