
                     X                   AVERAGE_SDV3             AVERAGE_SDV4             AVERAGE_SDV5             AVERAGE_SDV9            AVERAGE_SDV10            AVERAGE_SDV11     

                   0.                       0.                       0.                       0.                       0.                       0.                       0.            
                 120.                       4.02016878               3.32453012             695.261047E-03           512.906311E-03           424.128326E-03            88.6983795E-03 
                 600.                       6.25783157               5.24393749               1.01551986             798.459473E-03           668.904663E-03           129.546844E-03  
                   1.79999995E+03           8.83227825               7.44859982               1.38335168               1.12659192             950.161133E-03           176.501495E-03  
                   7.19999981E+03          10.2244778                8.64174938               1.58237207               1.30405867               1.10248303             201.847488E-03  




