
                     X                   AVERAGE_SDV3             AVERAGE_SDV4             AVERAGE_SDV5             AVERAGE_SDV9            AVERAGE_SDV10            AVERAGE_SDV11     

                   0.                       0.                       0.                       0.                       0.                       0.                       0.            
                 120.                       4.05733633               3.35576987             700.706177E-03           517.6474E-03             428.292084E-03            89.3850098E-03 
                 600.                       6.39845657               5.36436844               1.03570962             816.561157E-03           684.240295E-03           132.104156E-03  
                   1.79999995E+03           8.95065975               7.55259562               1.40039599               1.14215863             963.426453E-03           178.665466E-03  
                   7.19999981E+03          10.1686316                8.59629345               1.5743289                1.29744971               1.09650159             200.859818E-03  




