
                     X                   AVERAGE_SDV3             AVERAGE_SDV4             AVERAGE_SDV5             AVERAGE_SDV9            AVERAGE_SDV10            AVERAGE_SDV11     

                   0.                       0.                       0.                       0.                       0.                       0.                       0.            
                 120.                       5.94911385               4.97825003             971.129272E-03           759.07196E-03            635.154968E-03           123.907883E-03  
                 600.                       9.82107258               8.29701996               1.52452481               1.25294495               1.05852485             194.522766E-03  
                   1.79999995E+03          10.8553448                9.18349457               1.67227578               1.38489032               1.17158198             213.342697E-03  
                   7.19999981E+03          10.8777323                9.20653915               1.6758498                1.38799429               1.17451                213.865143E-03  




