
                     X                   AVERAGE_SDV3             AVERAGE_SDV4             AVERAGE_SDV5             AVERAGE_SDV9            AVERAGE_SDV10            AVERAGE_SDV11     

                   0.                       0.                       0.                       0.                       0.                       0.                       0.            
                 120.                       3.57589936               2.9454813              631.703003E-03           456.374512E-03           375.759277E-03            80.5678024E-03 
                 600.                       3.94912839               3.26410913             685.069397E-03           503.79538E-03            416.544159E-03            87.4082642E-03 
                   1.79999995E+03           4.77296019               3.9705627              803.141479E-03           608.955139E-03           506.586121E-03           102.436264E-03  
                   7.19999981E+03           7.29704189               6.13347578               1.16366577             930.799194E-03           782.321045E-03           148.465637E-03  




