
                     X                   AVERAGE_SDV3             AVERAGE_SDV4             AVERAGE_SDV5             AVERAGE_SDV9            AVERAGE_SDV10            AVERAGE_SDV11     

                   0.                       0.                       0.                       0.                       0.                       0.                       0.            
                 120.                       4.04010916               3.34237242             698.189819E-03           515.386292E-03           426.420685E-03            89.0934372E-03 
                 600.                       6.34994364               5.32167673               1.02850306             809.941223E-03           678.916748E-03           131.227524E-03  
                   1.79999995E+03           8.90659618               7.51289034               1.39412689               1.13617766             958.334534E-03           177.847305E-03  
                   7.19999981E+03          10.1712265                8.59786987               1.57486832               1.29779673               1.09655464             200.896896E-03  




