
                     X                   AVERAGE_SDV3             AVERAGE_SDV4             AVERAGE_SDV5             AVERAGE_SDV9            AVERAGE_SDV10            AVERAGE_SDV11     

                   0.                       0.                       0.                       0.                       0.                       0.                       0.            
                 120.                       4.16605139               3.45043111             716.132202E-03           531.460144E-03           440.171997E-03            91.3757782E-03 
                 600.                       6.56357002               5.50350094               1.05900025             837.387756E-03           702.094238E-03           135.093353E-03  
                   1.79999995E+03           9.19395924               7.75787449               1.43485606               1.172979               989.896362E-03           183.06366E-03   
                   7.19999981E+03          10.4705877                8.8528595                1.61728883               1.33580744               1.12948632             206.335938E-03  




