
                     X                   AVERAGE_SDV3             AVERAGE_SDV4             AVERAGE_SDV5             AVERAGE_SDV9            AVERAGE_SDV10            AVERAGE_SDV11     

                   0.                       0.                       0.                       0.                       0.                       0.                       0.            
                 120.                       3.81788278               3.15177298             666.25769E-03            487.132385E-03           402.090271E-03            85.0056458E-03 
                 600.                       5.11630535               4.26408815             852.199585E-03           652.527832E-03           544.050171E-03           108.706619E-03  
                   1.79999995E+03           7.29092979               6.12789392               1.16293085             929.926758E-03           781.718506E-03           148.379349E-03  
                   7.19999981E+03          10.3994446                8.79271889               1.60684407               1.32668912               1.12163126             205.028091E-03  




