
                     X                   AVERAGE_SDV3             AVERAGE_SDV4             AVERAGE_SDV5             AVERAGE_SDV9            AVERAGE_SDV10            AVERAGE_SDV11     

                   0.                       0.                       0.                       0.                       0.                       0.                       0.            
                 120.                       5.0188365                4.18204212             838.34552E-03            640.453064E-03           533.42804E-03            106.930931E-03  
                 600.                       8.49206066               7.15659046               1.33474767               1.0834322              912.903198E-03           170.292664E-03  
                   1.79999995E+03          10.4522877                8.83684063               1.61483634               1.33358312               1.12731135             206.0439E-03    
                   7.19999981E+03          10.6853704                9.03373051               1.64820826               1.36320066               1.15242565             210.310654E-03  




