
                     X                   AVERAGE_SDV3             AVERAGE_SDV4             AVERAGE_SDV5             AVERAGE_SDV9            AVERAGE_SDV10            AVERAGE_SDV11     

                   0.                       0.                       0.                       0.                       0.                       0.                       0.            
                 120.                       4.44993496               3.69350266             757.073364E-03           567.802673E-03           471.264587E-03            96.5629044E-03 
                 600.                       6.59491253               5.53251934               1.06386852             841.374023E-03           705.695557E-03           135.716995E-03  
                   1.79999995E+03           6.77000189               5.68599701               1.08945858             863.78418E-03            725.023193E-03           138.953247E-03  
                   7.19999981E+03           6.77002859               5.68624973               1.08949602             863.793945E-03           725.094055E-03           138.953598E-03  




