
                     X                   AVERAGE_SDV3             AVERAGE_SDV4             AVERAGE_SDV5             AVERAGE_SDV9            AVERAGE_SDV10            AVERAGE_SDV11     

                   0.                       0.                       0.                       0.                       0.                       0.                       0.            
                 120.                       4.99908304               4.1648488              835.333496E-03           637.73999E-03            531.270386E-03           106.584076E-03  
                 600.                       8.46178627               7.13207817               1.3301394                1.07944417             909.623108E-03           169.696274E-03  
                   1.79999995E+03          10.1572218                8.58532143               1.57258594               1.29575098               1.09504426             200.610397E-03  
                   7.19999981E+03          10.3097839                8.71553421               1.59376812               1.31507146               1.1116271              203.266617E-03  




