
                     X                   AVERAGE_SDV3             AVERAGE_SDV4             AVERAGE_SDV5             AVERAGE_SDV9            AVERAGE_SDV10            AVERAGE_SDV11     

                   0.                       0.                       0.                       0.                       0.                       0.                       0.            
                 120.                       4.21500731               3.49248314             723.151917E-03           537.749634E-03           445.562408E-03            92.2664032E-03 
                 600.                       6.65650129               5.58476162               1.07223058             849.298035E-03           712.234924E-03           136.814392E-03  
                   1.79999995E+03           9.31080723               7.85943317               1.45156956               1.18784928               1.0024358              185.208069E-03  
                   7.19999981E+03          10.5709181                8.93954754               1.63135636               1.34860539               1.14017344             208.159454E-03  




