
                     X                   AVERAGE_SDV3             AVERAGE_SDV4             AVERAGE_SDV5             AVERAGE_SDV9            AVERAGE_SDV10            AVERAGE_SDV11     

                   0.                       0.                       0.                       0.                       0.                       0.                       0.            
                 120.                       6.4062295                5.37071705               1.03658962             817.379456E-03           685.107483E-03           132.249008E-03  
                 600.                      10.3037004                8.71066952               1.59340203               1.31454551               1.1111834              203.270584E-03  
                   1.79999995E+03          11.043767                 9.34640884               1.69935882               1.40889645               1.19217753             216.792587E-03  
                   7.19999981E+03          11.0543613                9.35351753               1.70024717               1.41015756               1.19296348             216.905518E-03  




