
                     X                   AVERAGE_SDV3             AVERAGE_SDV4             AVERAGE_SDV5             AVERAGE_SDV9            AVERAGE_SDV10            AVERAGE_SDV11     

                   0.                       0.                       0.                       0.                       0.                       0.                       0.            
                 120.                       4.02010965               3.3245306              695.358826E-03           512.903687E-03           424.171143E-03            88.698082E-03  
                 600.                       6.25773573               5.24389791               1.0155766              798.45697E-03            668.92865E-03            129.545898E-03  
                   1.79999995E+03           8.83228588               7.44858599               1.38340259               1.12659299             950.177002E-03           176.501541E-03  
                   7.19999981E+03          10.2250633                8.64185143               1.58244276               1.30408323               1.10252714             201.848495E-03  




